route_id,service_id,trip_id,trip_headsign,shape_id,direction_id
40230011,20881,15326869,AGIA NAPA,40230011,0
40240011,20881,15326870,AGIA NAPA,40240011,0
40070011,20881,15326871,PARALIMNI,40070011,0
40110011,20881,15326872,KONNOS,40110011,0
40110012,20881,15326873,XYLOTYMPOU,40110012,1
40010011,20881,15326874,AG. NAPA (W/PARK),40010011,0
40150011,20881,15326875,LARNAKA,40150011,0
40150012,20881,15326876,CENTRAL BUS ST.,40150012,1
40100011,20881,15326877,AGIA NAPA,40100011,0
40100012,20881,15326878,DASAKI ACHNAS,40100012,1
40100011,20881,15326879,AGIA NAPA,40100011,0
40120011,20881,15326880,KONNOS,40120011,0
40130011,20881,15326881,AGIA NAPA,40130011,0
40080011,20881,15326882,KONNOS,40080011,0
40080012,20881,15326883,E.A.C. DHEKELIA,40080012,1
40080011,20881,15326884,KONNOS,40080011,0
40180011,20881,15326885,AGIA THEKLA BEACH,40180011,0
40140011,20881,15326886,AGIA NAPA,40140011,0
40140012,20881,15326887,DERYNEIA,40140012,1
40280011,20881,15326888,LARNAKA,40280011,0
40160011,20881,15326889,LARNAKA,40160011,0
40160012,20881,15326890,PARALIMNI SQ. BUS,40160012,1
40180011,20881,15326891,AGIA THEKLA BEACH,40180011,0
40040011,20881,15326892,DERYNEIA,40040011,0
40040011,20881,15326893,DERYNEIA,40040011,0
40250012,20881,15326894,XYLOFAGOU,40250012,1
40200011,20881,15326895,KONNOS,40200011,0
40210011,20881,15326896,KONNOS,40210011,0
40110011,20881,15326897,KONNOS,40110011,0
40010011,20881,15326898,AG. NAPA (W/PARK),40010011,0
40010011,20881,15326899,AG. NAPA (W/PARK),40010011,0
40010011,20881,15326900,AG. NAPA (W/PARK),40010011,0
40000011,20881,15326901,PARALIMNI,40000011,0
40000011,20881,15326902,PARALIMNI,40000011,0
40000011,20881,15326903,PARALIMNI,40000011,0
40000011,20881,15326904,PARALIMNI,40000011,0
40000011,20881,15326905,PARALIMNI,40000011,0
40000011,20881,15326906,PARALIMNI,40000011,0
40230011,20881,15326907,AGIA NAPA,40230011,0
40070011,20881,15326908,PARALIMNI,40070011,0
40240011,20881,15326909,AGIA NAPA,40240011,0
40130011,20881,15326910,AGIA NAPA,40130011,0
40130012,20881,15326911,STROVILIA,40130012,1
40130011,20881,15326912,AGIA NAPA,40130011,0
40080011,20881,15326913,KONNOS,40080011,0
40100011,20881,15326914,AGIA NAPA,40100011,0
40120011,20881,15326915,KONNOS,40120011,0
40260011,20881,15326916,GENERAL HOSPITAL,40260011,0
40260012,20881,15326917,XYLOFAGOU,40260012,1
40000011,20881,15326918,PARALIMNI,40000011,0
40000011,20881,15326919,PARALIMNI,40000011,0
40000011,20881,15326920,PARALIMNI,40000011,0
40020011,20881,15326921,WEST CIRCLE LINE,40020011,0
40020011,20881,15326922,WEST CIRCLE LINE,40020011,0
40020011,20881,15326923,WEST CIRCLE LINE,40020011,0
40010011,20881,15326924,AG. NAPA (W/PARK),40010011,0
40010011,20881,15326925,AG. NAPA (W/PARK),40010011,0
40010011,20881,15326926,AG. NAPA (W/PARK),40010011,0
40050011,20881,15326927,DERYNEIA,40050011,0
40050011,20881,15326928,DERYNEIA,40050011,0
40180011,20881,15326929,AGIA THEKLA BEACH,40180011,0
40120012,20881,15326930,STROVILIA,40120012,1
40120011,20881,15326931,KONNOS,40120011,0
40150011,20881,15326932,LARNAKA,40150011,0
40150012,20881,15326933,CENTRAL BUS ST.,40150012,1
40010011,20881,15326934,AG. NAPA (W/PARK),40010011,0
40000011,20881,15326935,PARALIMNI,40000011,0
40000011,20881,15326936,PARALIMNI,40000011,0
40010011,20881,15326937,AG. NAPA (W/PARK),40010011,0
40010011,20881,15326938,AG. NAPA (W/PARK),40010011,0
40100011,20881,15326939,AGIA NAPA,40100011,0
40100012,20881,15326940,DASAKI ACHNAS,40100012,1
40090011,20881,15326941,AGIA NAPA,40090011,0
40130011,20881,15326942,AGIA NAPA,40130011,0
40130012,20881,15326943,STROVILIA,40130012,1
40130011,20881,15326944,AGIA NAPA,40130011,0
40130012,20881,15326945,STROVILIA,40130012,1
40050011,20881,15326946,DERYNEIA,40050011,0
40050011,20881,15326947,DERYNEIA,40050011,0
40040011,20881,15326948,DERYNEIA,40040011,0
40090012,20881,15326949,E.A.C. DHEKELIA,40090012,1
40090011,20881,15326950,AGIA NAPA,40090011,0
40160011,20881,15326951,LARNAKA,40160011,0
40160012,20881,15326952,PARALIMNI SQ. BUS,40160012,1
40150011,20881,15326953,LARNAKA,40150011,0
40150012,20881,15326954,CENTRAL BUS ST.,40150012,1
40170011,20881,15326955,LARNAKA,40170011,0
40170012,20881,15326956,PARALIMNI,40170012,1
40000011,20881,15326957,PARALIMNI,40000011,0
40000011,20881,15326958,PARALIMNI,40000011,0
40220011,20881,15326959,EAST CIRCLE LINE,40220011,0
40220011,20881,15326960,EAST CIRCLE LINE,40220011,0
40220011,20881,15326961,EAST CIRCLE LINE,40220011,0
40010011,20881,15326962,AG. NAPA (W/PARK),40010011,0
40010011,20881,15326963,AG. NAPA (W/PARK),40010011,0
40030011,20881,15326964,CIRCLE LINE,40030011,0
40030011,20881,15326965,CIRCLE LINE,40030011,0
40030011,20881,15326966,CIRCLE LINE,40030011,0
40030011,20881,15326967,CIRCLE LINE,40030011,0
40170012,20881,15326968,PARALIMNI,40170012,1
40170011,20881,15326969,LARNAKA,40170011,0
40170012,20881,15326970,PARALIMNI,40170012,1
40010011,20881,15326971,AG. NAPA (W/PARK),40010011,0
40010011,20881,15326972,AG. NAPA (W/PARK),40010011,0
40000011,20881,15326973,PARALIMNI,40000011,0
40000011,20881,15326974,PARALIMNI,40000011,0
40050011,20881,15326975,DERYNEIA,40050011,0
40120011,20881,15326976,KONNOS,40120011,0
40010011,20881,15326977,AG. NAPA (W/PARK),40010011,0
40010011,20881,15326978,AG. NAPA (W/PARK),40010011,0
40000011,20881,15326979,PARALIMNI,40000011,0
40000011,20881,15326980,PARALIMNI,40000011,0
40160011,20881,15326981,LARNAKA,40160011,0
40160012,20881,15326982,PARALIMNI SQ. BUS,40160012,1
40040011,20881,15326983,DERYNEIA,40040011,0
40040011,20881,15326984,DERYNEIA,40040011,0
40010011,20881,15326985,AG. NAPA (W/PARK),40010011,0
40010011,20881,15326986,AG. NAPA (W/PARK),40010011,0
40010011,20881,15326987,AG. NAPA (W/PARK),40010011,0
40010011,20881,15326988,AG. NAPA (W/PARK),40010011,0
40050011,20881,15326989,DERYNEIA,40050011,0
40000011,20881,15326990,PARALIMNI,40000011,0
40010011,20881,15326991,AG. NAPA (W/PARK),40010011,0
40000011,20881,15326992,PARALIMNI,40000011,0
40000011,20881,15326993,PARALIMNI,40000011,0
40170011,20881,15326994,LARNAKA,40170011,0
40170012,20881,15326995,PARALIMNI,40170012,1
40150011,20881,15326996,LARNAKA,40150011,0
40010011,20881,15326997,AG. NAPA (W/PARK),40010011,0
40120011,20881,15326998,KONNOS,40120011,0
40000011,20881,15326999,PARALIMNI,40000011,0
40010011,20881,15327000,AG. NAPA (W/PARK),40010011,0
40010011,20881,15327001,AG. NAPA (W/PARK),40010011,0
40040011,20881,15327002,DERYNEIA,40040011,0
40100011,20881,15327003,AGIA NAPA,40100011,0
40100012,20881,15327004,DASAKI ACHNAS,40100012,1
40010011,20881,15327005,AG. NAPA (W/PARK),40010011,0
40010011,20881,15327006,AG. NAPA (W/PARK),40010011,0
40000011,20881,15327007,PARALIMNI,40000011,0
40150011,20881,15327008,LARNAKA,40150011,0
40150012,20881,15327009,CENTRAL BUS ST.,40150012,1
40010011,20881,15327010,AG. NAPA (W/PARK),40010011,0
40010011,20881,15327011,AG. NAPA (W/PARK),40010011,0
40040011,20881,15327012,DERYNEIA,40040011,0
40000011,20881,15327013,PARALIMNI,40000011,0
40160011,20881,15327014,LARNAKA,40160011,0
40160012,20881,15327015,PARALIMNI SQ. BUS,40160012,1
40010011,20881,15327016,AG. NAPA (W/PARK),40010011,0
40140012,20881,15327017,DERYNEIA,40140012,1
40000011,20881,15327018,PARALIMNI,40000011,0
40140011,20881,15327019,AGIA NAPA,40140011,0
40010011,20881,15327020,AG. NAPA (W/PARK),40010011,0
40160011,20881,15327021,LARNAKA,40160011,0
40160012,20881,15327022,PARALIMNI SQ. BUS,40160012,1
40000011,20881,15327023,PARALIMNI,40000011,0
40030011,20881,15327024,CIRCLE LINE,40030011,0
40010011,20881,15327025,AG. NAPA (W/PARK),40010011,0
40050011,20881,15327026,DERYNEIA,40050011,0
40010011,20881,15327027,AG. NAPA (W/PARK),40010011,0
40020011,20881,15327028,WEST CIRCLE LINE,40020011,0
40000011,20881,15327029,PARALIMNI,40000011,0
40150011,20881,15327030,LARNAKA,40150011,0
40010011,20881,15327031,AG. NAPA (W/PARK),40010011,0
40090011,20881,15327032,AGIA NAPA,40090011,0
40010011,20881,15327033,AG. NAPA (W/PARK),40010011,0
40000011,20881,15327034,PARALIMNI,40000011,0
40260012,20881,15327035,XYLOFAGOU,40260012,1
40110011,20881,15327036,KONNOS,40110011,0
40070012,20881,15327037,XYLOTYMPOU,40070012,1
40000011,20881,15327038,PARALIMNI,40000011,0
40220011,20881,15327039,EAST CIRCLE LINE,40220011,0
40160011,20881,15327040,LARNAKA,40160011,0
40290011,20881,15327041,PARALIMNI,40290011,0
40050011,20881,15327042,DERYNEIA,40050011,0
40030011,20881,15327043,CIRCLE LINE,40030011,0
40000011,20881,15327044,PARALIMNI,40000011,0
40010011,20881,15327045,AG. NAPA (W/PARK),40010011,0
40040011,20881,15327046,DERYNEIA,40040011,0
40170011,20881,15327047,LARNAKA,40170011,0
40140011,20881,15327048,AGIA NAPA,40140011,0
40150011,20881,15327049,LARNAKA,40150011,0
40000011,20881,15327050,PARALIMNI,40000011,0
40010011,20881,15327051,AG. NAPA (W/PARK),40010011,0
40070012,20881,15327052,XYLOTYMPOU,40070012,1
40310011,20881,15327053,AGIA NAPA,40310011,0
40000011,20881,15327054,PARALIMNI,40000011,0
40320011,20881,15327055,AGIA NAPA A.C.,40320011,0
40010011,20881,15327056,AG. NAPA (W/PARK),40010011,0
40250011,20881,15327057,AGIA NAPA,40250011,0
40140011,20881,15327058,AGIA NAPA,40140011,0
40260012,20881,15327059,XYLOFAGOU,40260012,1
40000011,20881,15327060,PARALIMNI,40000011,0
40000011,20881,15327061,PARALIMNI,40000011,0
40010011,20881,15327062,AG. NAPA (W/PARK),40010011,0
40020011,20881,15327063,WEST CIRCLE LINE,40020011,0
40020011,20881,15327064,WEST CIRCLE LINE,40020011,0
40300012,20881,15327065,AVGOROU,40300012,1
40090012,20881,15327066,E.A.C. DHEKELIA,40090012,1
40090011,20881,15327067,AGIA NAPA,40090011,0
40090012,20881,15327068,E.A.C. DHEKELIA,40090012,1
40010011,20881,15327069,AG. NAPA (W/PARK),40010011,0
40000011,20881,15327070,PARALIMNI,40000011,0
40000011,20881,15327071,PARALIMNI,40000011,0
40040011,20881,15327072,DERYNEIA,40040011,0
40030011,20881,15327073,CIRCLE LINE,40030011,0
40210012,20881,15327074,CENTRAL BUS ST.,40210012,1
40200012,20881,15327075,CENTRAL BUS ST.,40200012,1
40180012,20881,15327076,PARALIMNI,40180012,1
40130012,20881,15327077,STROVILIA,40130012,1
40240012,20881,15327078,XYLOTYMPOU,40240012,1
40150011,20881,15327079,LARNAKA,40150011,0
40150012,20881,15327080,CENTRAL BUS ST.,40150012,1
40120012,20881,15327081,STROVILIA,40120012,1
40230012,20881,15327082,E.A.C. DHEKELIA,40230012,1
40110012,20881,15327083,XYLOTYMPOU,40110012,1
40100012,20881,15327084,DASAKI ACHNAS,40100012,1
40010011,20881,15327085,AG. NAPA (W/PARK),40010011,0
40010011,20881,15327086,AG. NAPA (W/PARK),40010011,0
40000011,20881,15327087,PARALIMNI,40000011,0
40140012,20881,15327088,DERYNEIA,40140012,1
40080012,20881,15327089,E.A.C. DHEKELIA,40080012,1
40010011,20881,15327090,AG. NAPA (W/PARK),40010011,0
40000011,20881,15327091,PARALIMNI,40000011,0
40100012,20881,15327092,DASAKI ACHNAS,40100012,1
40220011,20881,15327093,EAST CIRCLE LINE,40220011,0
40110012,20881,15327094,XYLOTYMPOU,40110012,1
40110011,20881,15327095,KONNOS,40110011,0
40110012,20881,15327096,XYLOTYMPOU,40110012,1
40040011,20881,15327097,DERYNEIA,40040011,0
40010011,20881,15327098,AG. NAPA (W/PARK),40010011,0
40120012,20881,15327099,STROVILIA,40120012,1
40130012,20881,15327100,STROVILIA,40130012,1
40050011,20881,15327101,DERYNEIA,40050011,0
40000011,20881,15327102,PARALIMNI,40000011,0
40000011,20881,15327103,PARALIMNI,40000011,0
40160011,20881,15327104,LARNAKA,40160011,0
40160012,20881,15327105,PARALIMNI SQ. BUS,40160012,1
40150012,20881,15327106,CENTRAL BUS ST.,40150012,1
40090012,20881,15327107,E.A.C. DHEKELIA,40090012,1
40000011,20881,15327108,PARALIMNI,40000011,0
40030011,20881,15327109,CIRCLE LINE,40030011,0
40010011,20881,15327110,AG. NAPA (W/PARK),40010011,0
40290012,20881,15327111,XYLOTYMPOU,40290012,1
40170011,20881,15327112,LARNAKA,40170011,0
40170012,20881,15327113,PARALIMNI,40170012,1
40170012,20881,15327114,PARALIMNI,40170012,1
40000011,20881,15327115,PARALIMNI,40000011,0
40010011,20881,15327116,AG. NAPA (W/PARK),40010011,0
40000011,20881,15327117,PARALIMNI,40000011,0
40160012,20881,15327118,PARALIMNI SQ. BUS,40160012,1
40000011,20881,15327119,PARALIMNI,40000011,0
40000011,20881,15327120,PARALIMNI,40000011,0
40010011,20881,15327121,AG. NAPA (W/PARK),40010011,0
40000011,20881,15327122,PARALIMNI,40000011,0
40010011,20881,15327123,AG. NAPA (W/PARK),40010011,0
40010011,20881,15327124,AG. NAPA (W/PARK),40010011,0
40000011,20881,15327125,PARALIMNI,40000011,0
40150011,20881,15327126,LARNAKA,40150011,0
40150012,20881,15327127,CENTRAL BUS ST.,40150012,1
40000011,20881,15327128,PARALIMNI,40000011,0
40000011,20881,15327129,PARALIMNI,40000011,0
40010011,20881,15327130,AG. NAPA (W/PARK),40010011,0
40050011,20881,15327131,DERYNEIA,40050011,0
40030011,20881,15327132,CIRCLE LINE,40030011,0
40150012,20881,15327133,CENTRAL BUS ST.,40150012,1
40000011,20881,15327134,PARALIMNI,40000011,0
40010011,20881,15327135,AG. NAPA (W/PARK),40010011,0
40120012,20881,15327136,STROVILIA,40120012,1
40120011,20881,15327137,KONNOS,40120011,0
40120012,20881,15327138,STROVILIA,40120012,1
40000011,20881,15327139,PARALIMNI,40000011,0
40090012,20881,15327140,E.A.C. DHEKELIA,40090012,1
40010011,20881,15327141,AG. NAPA (W/PARK),40010011,0
40010011,20881,15327142,AG. NAPA (W/PARK),40010011,0
40100012,20881,15327143,DASAKI ACHNAS,40100012,1
40000011,20881,15327144,PARALIMNI,40000011,0
40010011,20881,15327145,AG. NAPA (W/PARK),40010011,0
40130012,20881,15327146,STROVILIA,40130012,1
40140011,20881,15327147,AGIA NAPA,40140011,0
40040011,20881,15327148,DERYNEIA,40040011,0
40000011,20881,15327149,PARALIMNI,40000011,0
40000011,20881,15327150,PARALIMNI,40000011,0
40010011,20881,15327151,AG. NAPA (W/PARK),40010011,0
40000011,20881,15327152,PARALIMNI,40000011,0
40220011,20881,15327153,EAST CIRCLE LINE,40220011,0
40100011,20881,15327154,AGIA NAPA,40100011,0
40100012,20881,15327155,DASAKI ACHNAS,40100012,1
40100011,20881,15327156,AGIA NAPA,40100011,0
40100012,20881,15327157,DASAKI ACHNAS,40100012,1
40130011,20881,15327158,AGIA NAPA,40130011,0
40130012,20881,15327159,STROVILIA,40130012,1
40130011,20881,15327160,AGIA NAPA,40130011,0
40130012,20881,15327161,STROVILIA,40130012,1
40010011,20881,15327162,AG. NAPA (W/PARK),40010011,0
40010011,20881,15327163,AG. NAPA (W/PARK),40010011,0
40000011,20881,15327164,PARALIMNI,40000011,0
40010011,20881,15327165,AG. NAPA (W/PARK),40010011,0
40010011,20881,15327166,AG. NAPA (W/PARK),40010011,0
40110011,20881,15327167,KONNOS,40110011,0
40110012,20881,15327168,XYLOTYMPOU,40110012,1
40030011,20881,15327169,CIRCLE LINE,40030011,0
40000011,20881,15327170,PARALIMNI,40000011,0
40000011,20881,15327171,PARALIMNI,40000011,0
40010011,20881,15327172,AG. NAPA (W/PARK),40010011,0
40000011,20881,15327173,PARALIMNI,40000011,0
40000011,20881,15327174,PARALIMNI,40000011,0
40050011,20881,15327175,DERYNEIA,40050011,0
40040011,20881,15327176,DERYNEIA,40040011,0
40040011,20881,15327177,DERYNEIA,40040011,0
40150011,20881,15327178,LARNAKA,40150011,0
40150012,20881,15327179,CENTRAL BUS ST.,40150012,1
40000011,20881,15327180,PARALIMNI,40000011,0
40010011,20881,15327181,AG. NAPA (W/PARK),40010011,0
40010011,20881,15327182,AG. NAPA (W/PARK),40010011,0
40170011,20881,15327183,LARNAKA,40170011,0
40170012,20881,15327184,PARALIMNI,40170012,1
40000011,20881,15327185,PARALIMNI,40000011,0
40010011,20881,15327186,AG. NAPA (W/PARK),40010011,0
40010011,20881,15327187,AG. NAPA (W/PARK),40010011,0
40030011,20881,15327188,CIRCLE LINE,40030011,0
40160011,20881,15327189,LARNAKA,40160011,0
40160012,20881,15327190,PARALIMNI SQ. BUS,40160012,1
40000011,20881,15327191,PARALIMNI,40000011,0
40010011,20881,15327192,AG. NAPA (W/PARK),40010011,0
40000011,20881,15327193,PARALIMNI,40000011,0
40000011,20881,15327194,PARALIMNI,40000011,0
40010011,20881,15327195,AG. NAPA (W/PARK),40010011,0
40010011,20881,15327196,AG. NAPA (W/PARK),40010011,0
40000011,20881,15327197,PARALIMNI,40000011,0
40000011,20881,15327198,PARALIMNI,40000011,0
40000011,20881,15327199,PARALIMNI,40000011,0
40000011,20881,15327200,PARALIMNI,40000011,0
40010011,20881,15327201,AG. NAPA (W/PARK),40010011,0
40030011,20881,15327202,CIRCLE LINE,40030011,0
40000011,20881,15327203,PARALIMNI,40000011,0
40000011,20881,15327204,PARALIMNI,40000011,0
40000011,20881,15327205,PARALIMNI,40000011,0
40010011,20881,15327206,AG. NAPA (W/PARK),40010011,0
40010011,20881,15327207,AG. NAPA (W/PARK),40010011,0
40040011,20881,15327208,DERYNEIA,40040011,0
40010011,20881,15327209,AG. NAPA (W/PARK),40010011,0
40050011,20881,15327210,DERYNEIA,40050011,0
40050011,20881,15327211,DERYNEIA,40050011,0
40000011,20881,15327212,PARALIMNI,40000011,0
40000011,20881,15327213,PARALIMNI,40000011,0
40030011,20881,15327214,CIRCLE LINE,40030011,0
40000011,20881,15327215,PARALIMNI,40000011,0
40090011,20881,15327216,AGIA NAPA,40090011,0
40090012,20881,15327217,E.A.C. DHEKELIA,40090012,1
40080011,20881,15327218,KONNOS,40080011,0
40080012,20881,15327219,E.A.C. DHEKELIA,40080012,1
40010011,20881,15327220,AG. NAPA (W/PARK),40010011,0
40050011,20881,15327221,DERYNEIA,40050011,0
40010011,20881,15327222,AG. NAPA (W/PARK),40010011,0
40010011,20881,15327223,AG. NAPA (W/PARK),40010011,0
40000011,20881,15327224,PARALIMNI,40000011,0
40000011,20881,15327225,PARALIMNI,40000011,0
40010011,20881,15327226,AG. NAPA (W/PARK),40010011,0
40010011,20881,15327227,AG. NAPA (W/PARK),40010011,0
40040011,20881,15327228,DERYNEIA,40040011,0
40040011,20881,15327229,DERYNEIA,40040011,0
40040011,20881,15327230,DERYNEIA,40040011,0
40010011,20881,15327231,AG. NAPA (W/PARK),40010011,0
40010011,20881,15327232,AG. NAPA (W/PARK),40010011,0
40000011,20881,15327233,PARALIMNI,40000011,0
40000011,20881,15327234,PARALIMNI,40000011,0
40120012,20881,15327235,STROVILIA,40120012,1
40230011,20882,15327236,AGIA NAPA,40230011,0
40240011,20882,15327237,AGIA NAPA,40240011,0
40070011,20882,15327238,PARALIMNI,40070011,0
40010011,20882,15327239,AG. NAPA (W/PARK),40010011,0
40150011,20882,15327240,LARNAKA,40150011,0
40150012,20882,15327241,CENTRAL BUS ST.,40150012,1
40110011,20882,15327242,KONNOS,40110011,0
40110012,20882,15327243,XYLOTYMPOU,40110012,1
40110011,20882,15327244,KONNOS,40110011,0
40100011,20882,15327245,AGIA NAPA,40100011,0
40100011,20882,15327246,AGIA NAPA,40100011,0
40120011,20882,15327247,KONNOS,40120011,0
40080011,20882,15327248,KONNOS,40080011,0
40080012,20882,15327249,E.A.C. DHEKELIA,40080012,1
40080011,20882,15327250,KONNOS,40080011,0
40130011,20882,15327251,AGIA NAPA,40130011,0
40180011,20882,15327252,AGIA THEKLA BEACH,40180011,0
40160011,20882,15327253,LARNAKA,40160011,0
40160012,20882,15327254,PARALIMNI SQ. BUS,40160012,1
40140011,20882,15327255,AGIA NAPA,40140011,0
40140012,20882,15327256,DERYNEIA,40140012,1
40280011,20882,15327257,LARNAKA,40280011,0
40180011,20882,15327258,AGIA THEKLA BEACH,40180011,0
40040011,20882,15327259,DERYNEIA,40040011,0
40040011,20882,15327260,DERYNEIA,40040011,0
40250012,20882,15327261,XYLOFAGOU,40250012,1
40200011,20882,15327262,KONNOS,40200011,0
40110011,20882,15327263,KONNOS,40110011,0
40210011,20882,15327264,KONNOS,40210011,0
40010011,20882,15327265,AG. NAPA (W/PARK),40010011,0
40010011,20882,15327266,AG. NAPA (W/PARK),40010011,0
40010011,20882,15327267,AG. NAPA (W/PARK),40010011,0
40000011,20882,15327268,PARALIMNI,40000011,0
40000011,20882,15327269,PARALIMNI,40000011,0
40000011,20882,15327270,PARALIMNI,40000011,0
40000011,20882,15327271,PARALIMNI,40000011,0
40000011,20882,15327272,PARALIMNI,40000011,0
40000011,20882,15327273,PARALIMNI,40000011,0
40230011,20882,15327274,AGIA NAPA,40230011,0
40070011,20882,15327275,PARALIMNI,40070011,0
40240011,20882,15327276,AGIA NAPA,40240011,0
40130011,20882,15327277,AGIA NAPA,40130011,0
40130012,20882,15327278,STROVILIA,40130012,1
40130011,20882,15327279,AGIA NAPA,40130011,0
40080011,20882,15327280,KONNOS,40080011,0
40100011,20882,15327281,AGIA NAPA,40100011,0
40120011,20882,15327282,KONNOS,40120011,0
40260011,20882,15327283,GENERAL HOSPITAL,40260011,0
40260012,20882,15327284,XYLOFAGOU,40260012,1
40020011,20882,15327285,WEST CIRCLE LINE,40020011,0
40020011,20882,15327286,WEST CIRCLE LINE,40020011,0
40020011,20882,15327287,WEST CIRCLE LINE,40020011,0
40000011,20882,15327288,PARALIMNI,40000011,0
40000011,20882,15327289,PARALIMNI,40000011,0
40000011,20882,15327290,PARALIMNI,40000011,0
40010011,20882,15327291,AG. NAPA (W/PARK),40010011,0
40010011,20882,15327292,AG. NAPA (W/PARK),40010011,0
40010011,20882,15327293,AG. NAPA (W/PARK),40010011,0
40050011,20882,15327294,DERYNEIA,40050011,0
40050011,20882,15327295,DERYNEIA,40050011,0
40180011,20882,15327296,AGIA THEKLA BEACH,40180011,0
40120012,20882,15327297,STROVILIA,40120012,1
40120011,20882,15327298,KONNOS,40120011,0
40150011,20882,15327299,LARNAKA,40150011,0
40150012,20882,15327300,CENTRAL BUS ST.,40150012,1
40010011,20882,15327301,AG. NAPA (W/PARK),40010011,0
40010011,20882,15327302,AG. NAPA (W/PARK),40010011,0
40000011,20882,15327303,PARALIMNI,40000011,0
40000011,20882,15327304,PARALIMNI,40000011,0
40100011,20882,15327305,AGIA NAPA,40100011,0
40100012,20882,15327306,DASAKI ACHNAS,40100012,1
40010011,20882,15327307,AG. NAPA (W/PARK),40010011,0
40010011,20882,15327308,AG. NAPA (W/PARK),40010011,0
40090011,20882,15327309,AGIA NAPA,40090011,0
40130011,20882,15327310,AGIA NAPA,40130011,0
40130012,20882,15327311,STROVILIA,40130012,1
40100012,20882,15327312,DASAKI ACHNAS,40100012,1
40050011,20882,15327313,DERYNEIA,40050011,0
40050011,20882,15327314,DERYNEIA,40050011,0
40040011,20882,15327315,DERYNEIA,40040011,0
40090012,20882,15327316,E.A.C. DHEKELIA,40090012,1
40090011,20882,15327317,AGIA NAPA,40090011,0
40160011,20882,15327318,LARNAKA,40160011,0
40160012,20882,15327319,PARALIMNI SQ. BUS,40160012,1
40150011,20882,15327320,LARNAKA,40150011,0
40150012,20882,15327321,CENTRAL BUS ST.,40150012,1
40000011,20882,15327322,PARALIMNI,40000011,0
40000011,20882,15327323,PARALIMNI,40000011,0
40220011,20882,15327324,EAST CIRCLE LINE,40220011,0
40220011,20882,15327325,EAST CIRCLE LINE,40220011,0
40220011,20882,15327326,EAST CIRCLE LINE,40220011,0
40010011,20882,15327327,AG. NAPA (W/PARK),40010011,0
40170011,20882,15327328,LARNAKA,40170011,0
40170012,20882,15327329,PARALIMNI,40170012,1
40030011,20882,15327330,CIRCLE LINE,40030011,0
40030011,20882,15327331,CIRCLE LINE,40030011,0
40030011,20882,15327332,CIRCLE LINE,40030011,0
40030011,20882,15327333,CIRCLE LINE,40030011,0
40170012,20882,15327334,PARALIMNI,40170012,1
40170011,20882,15327335,LARNAKA,40170011,0
40170012,20882,15327336,PARALIMNI,40170012,1
40010011,20882,15327337,AG. NAPA (W/PARK),40010011,0
40010011,20882,15327338,AG. NAPA (W/PARK),40010011,0
40000011,20882,15327339,PARALIMNI,40000011,0
40050011,20882,15327340,DERYNEIA,40050011,0
40120011,20882,15327341,KONNOS,40120011,0
40010011,20882,15327342,AG. NAPA (W/PARK),40010011,0
40010011,20882,15327343,AG. NAPA (W/PARK),40010011,0
40000011,20882,15327344,PARALIMNI,40000011,0
40000011,20882,15327345,PARALIMNI,40000011,0
40160011,20882,15327346,LARNAKA,40160011,0
40160012,20882,15327347,PARALIMNI SQ. BUS,40160012,1
40040011,20882,15327348,DERYNEIA,40040011,0
40040011,20882,15327349,DERYNEIA,40040011,0
40010011,20882,15327350,AG. NAPA (W/PARK),40010011,0
40010011,20882,15327351,AG. NAPA (W/PARK),40010011,0
40010011,20882,15327352,AG. NAPA (W/PARK),40010011,0
40010011,20882,15327353,AG. NAPA (W/PARK),40010011,0
40050011,20882,15327354,DERYNEIA,40050011,0
40000011,20882,15327355,PARALIMNI,40000011,0
40010011,20882,15327356,AG. NAPA (W/PARK),40010011,0
40000011,20882,15327357,PARALIMNI,40000011,0
40000011,20882,15327358,PARALIMNI,40000011,0
40150011,20882,15327359,LARNAKA,40150011,0
40170011,20882,15327360,LARNAKA,40170011,0
40170012,20882,15327361,PARALIMNI,40170012,1
40010011,20882,15327362,AG. NAPA (W/PARK),40010011,0
40120011,20882,15327363,KONNOS,40120011,0
40000011,20882,15327364,PARALIMNI,40000011,0
40010011,20882,15327365,AG. NAPA (W/PARK),40010011,0
40010011,20882,15327366,AG. NAPA (W/PARK),40010011,0
40040011,20882,15327367,DERYNEIA,40040011,0
40130011,20882,15327368,AGIA NAPA,40130011,0
40130012,20882,15327369,STROVILIA,40130012,1
40100011,20882,15327370,AGIA NAPA,40100011,0
40100012,20882,15327371,DASAKI ACHNAS,40100012,1
40000011,20882,15327372,PARALIMNI,40000011,0
40010011,20882,15327373,AG. NAPA (W/PARK),40010011,0
40010011,20882,15327374,AG. NAPA (W/PARK),40010011,0
40150011,20882,15327375,LARNAKA,40150011,0
40150012,20882,15327376,CENTRAL BUS ST.,40150012,1
40010011,20882,15327377,AG. NAPA (W/PARK),40010011,0
40040011,20882,15327378,DERYNEIA,40040011,0
40000011,20882,15327379,PARALIMNI,40000011,0
40160011,20882,15327380,LARNAKA,40160011,0
40010011,20882,15327381,AG. NAPA (W/PARK),40010011,0
40140012,20882,15327382,DERYNEIA,40140012,1
40010011,20882,15327383,AG. NAPA (W/PARK),40010011,0
40000011,20882,15327384,PARALIMNI,40000011,0
40140011,20882,15327385,AGIA NAPA,40140011,0
40000011,20882,15327386,PARALIMNI,40000011,0
40010011,20882,15327387,AG. NAPA (W/PARK),40010011,0
40160011,20882,15327388,LARNAKA,40160011,0
40160012,20882,15327389,PARALIMNI SQ. BUS,40160012,1
40030011,20882,15327390,CIRCLE LINE,40030011,0
40000011,20882,15327391,PARALIMNI,40000011,0
40010011,20882,15327392,AG. NAPA (W/PARK),40010011,0
40050011,20882,15327393,DERYNEIA,40050011,0
40010011,20882,15327394,AG. NAPA (W/PARK),40010011,0
40020011,20882,15327395,WEST CIRCLE LINE,40020011,0
40000011,20882,15327396,PARALIMNI,40000011,0
40150011,20882,15327397,LARNAKA,40150011,0
40010011,20882,15327398,AG. NAPA (W/PARK),40010011,0
40090011,20882,15327399,AGIA NAPA,40090011,0
40160012,20882,15327400,PARALIMNI SQ. BUS,40160012,1
40010011,20882,15327401,AG. NAPA (W/PARK),40010011,0
40000011,20882,15327402,PARALIMNI,40000011,0
40260012,20882,15327403,XYLOFAGOU,40260012,1
40070012,20882,15327404,XYLOTYMPOU,40070012,1
40000011,20882,15327405,PARALIMNI,40000011,0
40220011,20882,15327406,EAST CIRCLE LINE,40220011,0
40160011,20882,15327407,LARNAKA,40160011,0
40040011,20882,15327408,DERYNEIA,40040011,0
40290011,20882,15327409,PARALIMNI,40290011,0
40050011,20882,15327410,DERYNEIA,40050011,0
40030011,20882,15327411,CIRCLE LINE,40030011,0
40010011,20882,15327412,AG. NAPA (W/PARK),40010011,0
40000011,20882,15327413,PARALIMNI,40000011,0
40170011,20882,15327414,LARNAKA,40170011,0
40140011,20882,15327415,AGIA NAPA,40140011,0
40150011,20882,15327416,LARNAKA,40150011,0
40000011,20882,15327417,PARALIMNI,40000011,0
40070012,20882,15327418,XYLOTYMPOU,40070012,1
40010011,20882,15327419,AG. NAPA (W/PARK),40010011,0
40310011,20882,15327420,AGIA NAPA,40310011,0
40000011,20882,15327421,PARALIMNI,40000011,0
40320011,20882,15327422,AGIA NAPA A.C.,40320011,0
40250011,20882,15327423,AGIA NAPA,40250011,0
40140011,20882,15327424,AGIA NAPA,40140011,0
40010011,20882,15327425,AG. NAPA (W/PARK),40010011,0
40260012,20882,15327426,XYLOFAGOU,40260012,1
40000011,20882,15327427,PARALIMNI,40000011,0
40000011,20882,15327428,PARALIMNI,40000011,0
40010011,20882,15327429,AG. NAPA (W/PARK),40010011,0
40020011,20882,15327430,WEST CIRCLE LINE,40020011,0
40020011,20882,15327431,WEST CIRCLE LINE,40020011,0
40300012,20882,15327432,AVGOROU,40300012,1
40090012,20882,15327433,E.A.C. DHEKELIA,40090012,1
40090012,20882,15327434,E.A.C. DHEKELIA,40090012,1
40010011,20882,15327435,AG. NAPA (W/PARK),40010011,0
40040011,20882,15327436,DERYNEIA,40040011,0
40000011,20882,15327437,PARALIMNI,40000011,0
40000011,20882,15327438,PARALIMNI,40000011,0
40030011,20882,15327439,CIRCLE LINE,40030011,0
40210012,20882,15327440,CENTRAL BUS ST.,40210012,1
40200012,20882,15327441,CENTRAL BUS ST.,40200012,1
40180012,20882,15327442,PARALIMNI,40180012,1
40130012,20882,15327443,STROVILIA,40130012,1
40240012,20882,15327444,XYLOTYMPOU,40240012,1
40120012,20882,15327445,STROVILIA,40120012,1
40230012,20882,15327446,E.A.C. DHEKELIA,40230012,1
40100012,20882,15327447,DASAKI ACHNAS,40100012,1
40000011,20882,15327448,PARALIMNI,40000011,0
40010011,20882,15327449,AG. NAPA (W/PARK),40010011,0
40010011,20882,15327450,AG. NAPA (W/PARK),40010011,0
40140012,20882,15327451,DERYNEIA,40140012,1
40150011,20882,15327452,LARNAKA,40150011,0
40150012,20882,15327453,CENTRAL BUS ST.,40150012,1
40110012,20882,15327454,XYLOTYMPOU,40110012,1
40080012,20882,15327455,E.A.C. DHEKELIA,40080012,1
40010011,20882,15327456,AG. NAPA (W/PARK),40010011,0
40000011,20882,15327457,PARALIMNI,40000011,0
40050011,20882,15327458,DERYNEIA,40050011,0
40100012,20882,15327459,DASAKI ACHNAS,40100012,1
40220011,20882,15327460,EAST CIRCLE LINE,40220011,0
40110012,20882,15327461,XYLOTYMPOU,40110012,1
40040011,20882,15327462,DERYNEIA,40040011,0
40120012,20882,15327463,STROVILIA,40120012,1
40130012,20882,15327464,STROVILIA,40130012,1
40130011,20882,15327465,AGIA NAPA,40130011,0
40130012,20882,15327466,STROVILIA,40130012,1
40010011,20882,15327467,AG. NAPA (W/PARK),40010011,0
40000011,20882,15327468,PARALIMNI,40000011,0
40000011,20882,15327469,PARALIMNI,40000011,0
40150012,20882,15327470,CENTRAL BUS ST.,40150012,1
40160011,20882,15327471,LARNAKA,40160011,0
40160012,20882,15327472,PARALIMNI SQ. BUS,40160012,1
40090012,20882,15327473,E.A.C. DHEKELIA,40090012,1
40000011,20882,15327474,PARALIMNI,40000011,0
40010011,20882,15327475,AG. NAPA (W/PARK),40010011,0
40290012,20882,15327476,XYLOTYMPOU,40290012,1
40030011,20882,15327477,CIRCLE LINE,40030011,0
40170011,20882,15327478,LARNAKA,40170011,0
40170012,20882,15327479,PARALIMNI,40170012,1
40170012,20882,15327480,PARALIMNI,40170012,1
40000011,20882,15327481,PARALIMNI,40000011,0
40010011,20882,15327482,AG. NAPA (W/PARK),40010011,0
40000011,20882,15327483,PARALIMNI,40000011,0
40160012,20882,15327484,PARALIMNI SQ. BUS,40160012,1
40000011,20882,15327485,PARALIMNI,40000011,0
40000011,20882,15327486,PARALIMNI,40000011,0
40010011,20882,15327487,AG. NAPA (W/PARK),40010011,0
40090011,20882,15327488,AGIA NAPA,40090011,0
40090012,20882,15327489,E.A.C. DHEKELIA,40090012,1
40000011,20882,15327490,PARALIMNI,40000011,0
40010011,20882,15327491,AG. NAPA (W/PARK),40010011,0
40010011,20882,15327492,AG. NAPA (W/PARK),40010011,0
40000011,20882,15327493,PARALIMNI,40000011,0
40150011,20882,15327494,LARNAKA,40150011,0
40150012,20882,15327495,CENTRAL BUS ST.,40150012,1
40010011,20882,15327496,AG. NAPA (W/PARK),40010011,0
40000011,20882,15327497,PARALIMNI,40000011,0
40000011,20882,15327498,PARALIMNI,40000011,0
40050011,20882,15327499,DERYNEIA,40050011,0
40030011,20882,15327500,CIRCLE LINE,40030011,0
40150012,20882,15327501,CENTRAL BUS ST.,40150012,1
40000011,20882,15327502,PARALIMNI,40000011,0
40010011,20882,15327503,AG. NAPA (W/PARK),40010011,0
40010011,20882,15327504,AG. NAPA (W/PARK),40010011,0
40010011,20882,15327505,AG. NAPA (W/PARK),40010011,0
40000011,20882,15327506,PARALIMNI,40000011,0
40000011,20882,15327507,PARALIMNI,40000011,0
40000011,20882,15327508,PARALIMNI,40000011,0
40120012,20882,15327509,STROVILIA,40120012,1
40130012,20882,15327510,STROVILIA,40130012,1
40100012,20882,15327511,DASAKI ACHNAS,40100012,1
40100011,20882,15327512,AGIA NAPA,40100011,0
40010011,20882,15327513,AG. NAPA (W/PARK),40010011,0
40000011,20882,15327514,PARALIMNI,40000011,0
40140011,20882,15327515,AGIA NAPA,40140011,0
40040011,20882,15327516,DERYNEIA,40040011,0
40000011,20882,15327517,PARALIMNI,40000011,0
40000011,20882,15327518,PARALIMNI,40000011,0
40010011,20882,15327519,AG. NAPA (W/PARK),40010011,0
40000011,20882,15327520,PARALIMNI,40000011,0
40220011,20882,15327521,EAST CIRCLE LINE,40220011,0
40010011,20882,15327522,AG. NAPA (W/PARK),40010011,0
40010011,20882,15327523,AG. NAPA (W/PARK),40010011,0
40100011,20882,15327524,AGIA NAPA,40100011,0
40100012,20882,15327525,DASAKI ACHNAS,40100012,1
40000011,20882,15327526,PARALIMNI,40000011,0
40010011,20882,15327527,AG. NAPA (W/PARK),40010011,0
40010011,20882,15327528,AG. NAPA (W/PARK),40010011,0
40110011,20882,15327529,KONNOS,40110011,0
40110012,20882,15327530,XYLOTYMPOU,40110012,1
40030011,20882,15327531,CIRCLE LINE,40030011,0
40000011,20882,15327532,PARALIMNI,40000011,0
40000011,20882,15327533,PARALIMNI,40000011,0
40010011,20882,15327534,AG. NAPA (W/PARK),40010011,0
40000011,20882,15327535,PARALIMNI,40000011,0
40000011,20882,15327536,PARALIMNI,40000011,0
40050011,20882,15327537,DERYNEIA,40050011,0
40040011,20882,15327538,DERYNEIA,40040011,0
40040011,20882,15327539,DERYNEIA,40040011,0
40150011,20882,15327540,LARNAKA,40150011,0
40150012,20882,15327541,CENTRAL BUS ST.,40150012,1
40000011,20882,15327542,PARALIMNI,40000011,0
40010011,20882,15327543,AG. NAPA (W/PARK),40010011,0
40010011,20882,15327544,AG. NAPA (W/PARK),40010011,0
40170011,20882,15327545,LARNAKA,40170011,0
40170012,20882,15327546,PARALIMNI,40170012,1
40000011,20882,15327547,PARALIMNI,40000011,0
40010011,20882,15327548,AG. NAPA (W/PARK),40010011,0
40010011,20882,15327549,AG. NAPA (W/PARK),40010011,0
40160011,20882,15327550,LARNAKA,40160011,0
40160012,20882,15327551,PARALIMNI SQ. BUS,40160012,1
40030011,20882,15327552,CIRCLE LINE,40030011,0
40000011,20882,15327553,PARALIMNI,40000011,0
40090011,20882,15327554,AGIA NAPA,40090011,0
40010011,20882,15327555,AG. NAPA (W/PARK),40010011,0
40130011,20882,15327556,AGIA NAPA,40130011,0
40000011,20882,15327557,PARALIMNI,40000011,0
40000011,20882,15327558,PARALIMNI,40000011,0
40010011,20882,15327559,AG. NAPA (W/PARK),40010011,0
40010011,20882,15327560,AG. NAPA (W/PARK),40010011,0
40000011,20882,15327561,PARALIMNI,40000011,0
40000011,20882,15327562,PARALIMNI,40000011,0
40000011,20882,15327563,PARALIMNI,40000011,0
40000011,20882,15327564,PARALIMNI,40000011,0
40010011,20882,15327565,AG. NAPA (W/PARK),40010011,0
40030011,20882,15327566,CIRCLE LINE,40030011,0
40000011,20882,15327567,PARALIMNI,40000011,0
40000011,20882,15327568,PARALIMNI,40000011,0
40000011,20882,15327569,PARALIMNI,40000011,0
40010011,20882,15327570,AG. NAPA (W/PARK),40010011,0
40010011,20882,15327571,AG. NAPA (W/PARK),40010011,0
40010011,20882,15327572,AG. NAPA (W/PARK),40010011,0
40040011,20882,15327573,DERYNEIA,40040011,0
40050011,20882,15327574,DERYNEIA,40050011,0
40050011,20882,15327575,DERYNEIA,40050011,0
40030011,20882,15327576,CIRCLE LINE,40030011,0
40000011,20882,15327577,PARALIMNI,40000011,0
40100011,20882,15327578,AGIA NAPA,40100011,0
40100012,20882,15327579,DASAKI ACHNAS,40100012,1
40100012,20882,15327580,DASAKI ACHNAS,40100012,1
40100012,20882,15327581,DASAKI ACHNAS,40100012,1
40110011,20882,15327582,KONNOS,40110011,0
40110012,20882,15327583,XYLOTYMPOU,40110012,1
40120011,20882,15327584,KONNOS,40120011,0
40120012,20882,15327585,STROVILIA,40120012,1
40090011,20882,15327586,AGIA NAPA,40090011,0
40090012,20882,15327587,E.A.C. DHEKELIA,40090012,1
40090012,20882,15327588,E.A.C. DHEKELIA,40090012,1
40090012,20882,15327589,E.A.C. DHEKELIA,40090012,1
40080011,20882,15327590,KONNOS,40080011,0
40080012,20882,15327591,E.A.C. DHEKELIA,40080012,1
40130011,20882,15327592,AGIA NAPA,40130011,0
40130012,20882,15327593,STROVILIA,40130012,1
40130012,20882,15327594,STROVILIA,40130012,1
40130012,20882,15327595,STROVILIA,40130012,1
40010011,20882,15327596,AG. NAPA (W/PARK),40010011,0
40050011,20882,15327597,DERYNEIA,40050011,0
40010011,20882,15327598,AG. NAPA (W/PARK),40010011,0
40010011,20882,15327599,AG. NAPA (W/PARK),40010011,0
40000011,20882,15327600,PARALIMNI,40000011,0
40000011,20882,15327601,PARALIMNI,40000011,0
40010011,20882,15327602,AG. NAPA (W/PARK),40010011,0
40010011,20882,15327603,AG. NAPA (W/PARK),40010011,0
40040011,20882,15327604,DERYNEIA,40040011,0
40040011,20882,15327605,DERYNEIA,40040011,0
40040011,20882,15327606,DERYNEIA,40040011,0
40010011,20882,15327607,AG. NAPA (W/PARK),40010011,0
40010011,20882,15327608,AG. NAPA (W/PARK),40010011,0
40000011,20882,15327609,PARALIMNI,40000011,0
40000011,20882,15327610,PARALIMNI,40000011,0
40120012,20882,15327611,STROVILIA,40120012,1
40240011,20883,15327612,AGIA NAPA,40240011,0
40230011,20883,15327613,AGIA NAPA,40230011,0
40070011,20883,15327614,PARALIMNI,40070011,0
40010011,20883,15327615,AG. NAPA (W/PARK),40010011,0
40010011,20883,15327616,AG. NAPA (W/PARK),40010011,0
40150011,20883,15327617,LARNAKA,40150011,0
40150012,20883,15327618,CENTRAL BUS ST.,40150012,1
40110011,20883,15327619,KONNOS,40110011,0
40110012,20883,15327620,XYLOTYMPOU,40110012,1
40100011,20883,15327621,AGIA NAPA,40100011,0
40100012,20883,15327622,DASAKI ACHNAS,40100012,1
40100011,20883,15327623,AGIA NAPA,40100011,0
40120011,20883,15327624,KONNOS,40120011,0
40130011,20883,15327625,AGIA NAPA,40130011,0
40080011,20883,15327626,KONNOS,40080011,0
40080012,20883,15327627,E.A.C. DHEKELIA,40080012,1
40180011,20883,15327628,AGIA THEKLA BEACH,40180011,0
40160011,20883,15327629,LARNAKA,40160011,0
40160012,20883,15327630,PARALIMNI SQ. BUS,40160012,1
40140011,20883,15327631,AGIA NAPA,40140011,0
40140012,20883,15327632,DERYNEIA,40140012,1
40140011,20883,15327633,AGIA NAPA,40140011,0
40180011,20883,15327634,AGIA THEKLA BEACH,40180011,0
40040011,20883,15327635,DERYNEIA,40040011,0
40040011,20883,15327636,DERYNEIA,40040011,0
40250012,20883,15327637,XYLOFAGOU,40250012,1
40200011,20883,15327638,KONNOS,40200011,0
40110011,20883,15327639,KONNOS,40110011,0
40110011,20883,15327640,KONNOS,40110011,0
40210011,20883,15327641,KONNOS,40210011,0
40010011,20883,15327642,AG. NAPA (W/PARK),40010011,0
40010011,20883,15327643,AG. NAPA (W/PARK),40010011,0
40000011,20883,15327644,PARALIMNI,40000011,0
40000011,20883,15327645,PARALIMNI,40000011,0
40000011,20883,15327646,PARALIMNI,40000011,0
40230011,20883,15327647,AGIA NAPA,40230011,0
40240011,20883,15327648,AGIA NAPA,40240011,0
40130011,20883,15327649,AGIA NAPA,40130011,0
40130012,20883,15327650,STROVILIA,40130012,1
40130011,20883,15327651,AGIA NAPA,40130011,0
40080011,20883,15327652,KONNOS,40080011,0
40100011,20883,15327653,AGIA NAPA,40100011,0
40120011,20883,15327654,KONNOS,40120011,0
40020011,20883,15327655,WEST CIRCLE LINE,40020011,0
40020011,20883,15327656,WEST CIRCLE LINE,40020011,0
40020011,20883,15327657,WEST CIRCLE LINE,40020011,0
40010011,20883,15327658,AG. NAPA (W/PARK),40010011,0
40010011,20883,15327659,AG. NAPA (W/PARK),40010011,0
40000011,20883,15327660,PARALIMNI,40000011,0
40000011,20883,15327661,PARALIMNI,40000011,0
40050011,20883,15327662,DERYNEIA,40050011,0
40050011,20883,15327663,DERYNEIA,40050011,0
40180011,20883,15327664,AGIA THEKLA BEACH,40180011,0
40120012,20883,15327665,STROVILIA,40120012,1
40120011,20883,15327666,KONNOS,40120011,0
40150011,20883,15327667,LARNAKA,40150011,0
40150012,20883,15327668,CENTRAL BUS ST.,40150012,1
40010011,20883,15327669,AG. NAPA (W/PARK),40010011,0
40010011,20883,15327670,AG. NAPA (W/PARK),40010011,0
40000011,20883,15327671,PARALIMNI,40000011,0
40000011,20883,15327672,PARALIMNI,40000011,0
40090011,20883,15327673,AGIA NAPA,40090011,0
40010011,20883,15327674,AG. NAPA (W/PARK),40010011,0
40010011,20883,15327675,AG. NAPA (W/PARK),40010011,0
40100011,20883,15327676,AGIA NAPA,40100011,0
40040011,20883,15327677,DERYNEIA,40040011,0
40130011,20883,15327678,AGIA NAPA,40130011,0
40130012,20883,15327679,STROVILIA,40130012,1
40130011,20883,15327680,AGIA NAPA,40130011,0
40130012,20883,15327681,STROVILIA,40130012,1
40090012,20883,15327682,E.A.C. DHEKELIA,40090012,1
40090011,20883,15327683,AGIA NAPA,40090011,0
40050011,20883,15327684,DERYNEIA,40050011,0
40050011,20883,15327685,DERYNEIA,40050011,0
40220011,20883,15327686,EAST CIRCLE LINE,40220011,0
40220011,20883,15327687,EAST CIRCLE LINE,40220011,0
40220011,20883,15327688,EAST CIRCLE LINE,40220011,0
40000011,20883,15327689,PARALIMNI,40000011,0
40000011,20883,15327690,PARALIMNI,40000011,0
40010011,20883,15327691,AG. NAPA (W/PARK),40010011,0
40010011,20883,15327692,AG. NAPA (W/PARK),40010011,0
40160011,20883,15327693,LARNAKA,40160011,0
40160012,20883,15327694,PARALIMNI SQ. BUS,40160012,1
40150011,20883,15327695,LARNAKA,40150011,0
40150012,20883,15327696,CENTRAL BUS ST.,40150012,1
40170011,20883,15327697,LARNAKA,40170011,0
40170012,20883,15327698,PARALIMNI,40170012,1
40030011,20883,15327699,CIRCLE LINE,40030011,0
40030011,20883,15327700,CIRCLE LINE,40030011,0
40030011,20883,15327701,CIRCLE LINE,40030011,0
40030011,20883,15327702,CIRCLE LINE,40030011,0
40010011,20883,15327703,AG. NAPA (W/PARK),40010011,0
40010011,20883,15327704,AG. NAPA (W/PARK),40010011,0
40000011,20883,15327705,PARALIMNI,40000011,0
40000011,20883,15327706,PARALIMNI,40000011,0
40120011,20883,15327707,KONNOS,40120011,0
40050011,20883,15327708,DERYNEIA,40050011,0
40000011,20883,15327709,PARALIMNI,40000011,0
40040011,20883,15327710,DERYNEIA,40040011,0
40010011,20883,15327711,AG. NAPA (W/PARK),40010011,0
40010011,20883,15327712,AG. NAPA (W/PARK),40010011,0
40100012,20883,15327713,DASAKI ACHNAS,40100012,1
40010011,20883,15327714,AG. NAPA (W/PARK),40010011,0
40000011,20883,15327715,PARALIMNI,40000011,0
40000011,20883,15327716,PARALIMNI,40000011,0
40000011,20883,15327717,PARALIMNI,40000011,0
40010011,20883,15327718,AG. NAPA (W/PARK),40010011,0
40010011,20883,15327719,AG. NAPA (W/PARK),40010011,0
40010011,20883,15327720,AG. NAPA (W/PARK),40010011,0
40010011,20883,15327721,AG. NAPA (W/PARK),40010011,0
40050011,20883,15327722,DERYNEIA,40050011,0
40010011,20883,15327723,AG. NAPA (W/PARK),40010011,0
40000011,20883,15327724,PARALIMNI,40000011,0
40000011,20883,15327725,PARALIMNI,40000011,0
40150011,20883,15327726,LARNAKA,40150011,0
40010011,20883,15327727,AG. NAPA (W/PARK),40010011,0
40120011,20883,15327728,KONNOS,40120011,0
40000011,20883,15327729,PARALIMNI,40000011,0
40010011,20883,15327730,AG. NAPA (W/PARK),40010011,0
40010011,20883,15327731,AG. NAPA (W/PARK),40010011,0
40040011,20883,15327732,DERYNEIA,40040011,0
40100011,20883,15327733,AGIA NAPA,40100011,0
40100012,20883,15327734,DASAKI ACHNAS,40100012,1
40000011,20883,15327735,PARALIMNI,40000011,0
40000011,20883,15327736,PARALIMNI,40000011,0
40010011,20883,15327737,AG. NAPA (W/PARK),40010011,0
40010011,20883,15327738,AG. NAPA (W/PARK),40010011,0
40160011,20883,15327739,LARNAKA,40160011,0
40160012,20883,15327740,PARALIMNI SQ. BUS,40160012,1
40170011,20883,15327741,LARNAKA,40170011,0
40170012,20883,15327742,PARALIMNI,40170012,1
40150011,20883,15327743,LARNAKA,40150011,0
40150012,20883,15327744,CENTRAL BUS ST.,40150012,1
40010011,20883,15327745,AG. NAPA (W/PARK),40010011,0
40010011,20883,15327746,AG. NAPA (W/PARK),40010011,0
40000011,20883,15327747,PARALIMNI,40000011,0
40040011,20883,15327748,DERYNEIA,40040011,0
40010011,20883,15327749,AG. NAPA (W/PARK),40010011,0
40010011,20883,15327750,AG. NAPA (W/PARK),40010011,0
40000011,20883,15327751,PARALIMNI,40000011,0
40000011,20883,15327752,PARALIMNI,40000011,0
40140012,20883,15327753,DERYNEIA,40140012,1
40010011,20883,15327754,AG. NAPA (W/PARK),40010011,0
40140011,20883,15327755,AGIA NAPA,40140011,0
40000011,20883,15327756,PARALIMNI,40000011,0
40010011,20883,15327757,AG. NAPA (W/PARK),40010011,0
40000011,20883,15327758,PARALIMNI,40000011,0
40030011,20883,15327759,CIRCLE LINE,40030011,0
40010011,20883,15327760,AG. NAPA (W/PARK),40010011,0
40040011,20883,15327761,DERYNEIA,40040011,0
40000011,20883,15327762,PARALIMNI,40000011,0
40050011,20883,15327763,DERYNEIA,40050011,0
40020011,20883,15327764,WEST CIRCLE LINE,40020011,0
40150011,20883,15327765,LARNAKA,40150011,0
40000011,20883,15327766,PARALIMNI,40000011,0
40010011,20883,15327767,AG. NAPA (W/PARK),40010011,0
40000011,20883,15327768,PARALIMNI,40000011,0
40010011,20883,15327769,AG. NAPA (W/PARK),40010011,0
40090011,20883,15327770,AGIA NAPA,40090011,0
40000011,20883,15327771,PARALIMNI,40000011,0
40080011,20883,15327772,KONNOS,40080011,0
40220011,20883,15327773,EAST CIRCLE LINE,40220011,0
40160011,20883,15327774,LARNAKA,40160011,0
40000011,20883,15327775,PARALIMNI,40000011,0
40030011,20883,15327776,CIRCLE LINE,40030011,0
40050011,20883,15327777,DERYNEIA,40050011,0
40040011,20883,15327778,DERYNEIA,40040011,0
40170011,20883,15327779,LARNAKA,40170011,0
40150011,20883,15327780,LARNAKA,40150011,0
40010011,20883,15327781,AG. NAPA (W/PARK),40010011,0
40000011,20883,15327782,PARALIMNI,40000011,0
40090012,20883,15327783,E.A.C. DHEKELIA,40090012,1
40090012,20883,15327784,E.A.C. DHEKELIA,40090012,1
40000011,20883,15327785,PARALIMNI,40000011,0
40000011,20883,15327786,PARALIMNI,40000011,0
40020011,20883,15327787,WEST CIRCLE LINE,40020011,0
40020011,20883,15327788,WEST CIRCLE LINE,40020011,0
40010011,20883,15327789,AG. NAPA (W/PARK),40010011,0
40010011,20883,15327790,AG. NAPA (W/PARK),40010011,0
40040011,20883,15327791,DERYNEIA,40040011,0
40000011,20883,15327792,PARALIMNI,40000011,0
40000011,20883,15327793,PARALIMNI,40000011,0
40030011,20883,15327794,CIRCLE LINE,40030011,0
40030011,20883,15327795,CIRCLE LINE,40030011,0
40200012,20883,15327796,CENTRAL BUS ST.,40200012,1
40210012,20883,15327797,CENTRAL BUS ST.,40210012,1
40180012,20883,15327798,PARALIMNI,40180012,1
40130012,20883,15327799,STROVILIA,40130012,1
40240012,20883,15327800,XYLOTYMPOU,40240012,1
40000011,20883,15327801,PARALIMNI,40000011,0
40010011,20883,15327802,AG. NAPA (W/PARK),40010011,0
40110012,20883,15327803,XYLOTYMPOU,40110012,1
40120012,20883,15327804,STROVILIA,40120012,1
40140012,20883,15327805,DERYNEIA,40140012,1
40230012,20883,15327806,E.A.C. DHEKELIA,40230012,1
40100012,20883,15327807,DASAKI ACHNAS,40100012,1
40150011,20883,15327808,LARNAKA,40150011,0
40150012,20883,15327809,CENTRAL BUS ST.,40150012,1
40080012,20883,15327810,E.A.C. DHEKELIA,40080012,1
40000011,20883,15327811,PARALIMNI,40000011,0
40010011,20883,15327812,AG. NAPA (W/PARK),40010011,0
40010011,20883,15327813,AG. NAPA (W/PARK),40010011,0
40010011,20883,15327814,AG. NAPA (W/PARK),40010011,0
40110012,20883,15327815,XYLOTYMPOU,40110012,1
40110011,20883,15327816,KONNOS,40110011,0
40110012,20883,15327817,XYLOTYMPOU,40110012,1
40120012,20883,15327818,STROVILIA,40120012,1
40160011,20883,15327819,LARNAKA,40160011,0
40160012,20883,15327820,PARALIMNI SQ. BUS,40160012,1
40090012,20883,15327821,E.A.C. DHEKELIA,40090012,1
40130012,20883,15327822,STROVILIA,40130012,1
40130011,20883,15327823,AGIA NAPA,40130011,0
40130012,20883,15327824,STROVILIA,40130012,1
40220011,20883,15327825,EAST CIRCLE LINE,40220011,0
40220011,20883,15327826,EAST CIRCLE LINE,40220011,0
40040011,20883,15327827,DERYNEIA,40040011,0
40040011,20883,15327828,DERYNEIA,40040011,0
40050011,20883,15327829,DERYNEIA,40050011,0
40000011,20883,15327830,PARALIMNI,40000011,0
40100012,20883,15327831,DASAKI ACHNAS,40100012,1
40150012,20883,15327832,CENTRAL BUS ST.,40150012,1
40000011,20883,15327833,PARALIMNI,40000011,0
40000011,20883,15327834,PARALIMNI,40000011,0
40010011,20883,15327835,AG. NAPA (W/PARK),40010011,0
40170011,20883,15327836,LARNAKA,40170011,0
40170012,20883,15327837,PARALIMNI,40170012,1
40170012,20883,15327838,PARALIMNI,40170012,1
40000011,20883,15327839,PARALIMNI,40000011,0
40000011,20883,15327840,PARALIMNI,40000011,0
40010011,20883,15327841,AG. NAPA (W/PARK),40010011,0
40010011,20883,15327842,AG. NAPA (W/PARK),40010011,0
40160012,20883,15327843,PARALIMNI SQ. BUS,40160012,1
40000011,20883,15327844,PARALIMNI,40000011,0
40010011,20883,15327845,AG. NAPA (W/PARK),40010011,0
40010011,20883,15327846,AG. NAPA (W/PARK),40010011,0
40090011,20883,15327847,AGIA NAPA,40090011,0
40090012,20883,15327848,E.A.C. DHEKELIA,40090012,1
40090011,20883,15327849,AGIA NAPA,40090011,0
40000011,20883,15327850,PARALIMNI,40000011,0
40000011,20883,15327851,PARALIMNI,40000011,0
40000011,20883,15327852,PARALIMNI,40000011,0
40010011,20883,15327853,AG. NAPA (W/PARK),40010011,0
40150011,20883,15327854,LARNAKA,40150011,0
40150012,20883,15327855,CENTRAL BUS ST.,40150012,1
40000011,20883,15327856,PARALIMNI,40000011,0
40010011,20883,15327857,AG. NAPA (W/PARK),40010011,0
40010011,20883,15327858,AG. NAPA (W/PARK),40010011,0
40030011,20883,15327859,CIRCLE LINE,40030011,0
40050011,20883,15327860,DERYNEIA,40050011,0
40150012,20883,15327861,CENTRAL BUS ST.,40150012,1
40000011,20883,15327862,PARALIMNI,40000011,0
40000011,20883,15327863,PARALIMNI,40000011,0
40010011,20883,15327864,AG. NAPA (W/PARK),40010011,0
40010011,20883,15327865,AG. NAPA (W/PARK),40010011,0
40010011,20883,15327866,AG. NAPA (W/PARK),40010011,0
40000011,20883,15327867,PARALIMNI,40000011,0
40120012,20883,15327868,STROVILIA,40120012,1
40000011,20883,15327869,PARALIMNI,40000011,0
40000011,20883,15327870,PARALIMNI,40000011,0
40100012,20883,15327871,DASAKI ACHNAS,40100012,1
40100011,20883,15327872,AGIA NAPA,40100011,0
40010011,20883,15327873,AG. NAPA (W/PARK),40010011,0
40130012,20883,15327874,STROVILIA,40130012,1
40140011,20883,15327875,AGIA NAPA,40140011,0
40000011,20883,15327876,PARALIMNI,40000011,0
40010011,20883,15327877,AG. NAPA (W/PARK),40010011,0
40010011,20883,15327878,AG. NAPA (W/PARK),40010011,0
40010011,20883,15327879,AG. NAPA (W/PARK),40010011,0
40100011,20883,15327880,AGIA NAPA,40100011,0
40100012,20883,15327881,DASAKI ACHNAS,40100012,1
40000011,20883,15327882,PARALIMNI,40000011,0
40000011,20883,15327883,PARALIMNI,40000011,0
40000011,20883,15327884,PARALIMNI,40000011,0
40010011,20883,15327885,AG. NAPA (W/PARK),40010011,0
40030011,20883,15327886,CIRCLE LINE,40030011,0
40110011,20883,15327887,KONNOS,40110011,0
40110012,20883,15327888,XYLOTYMPOU,40110012,1
40000011,20883,15327889,PARALIMNI,40000011,0
40000011,20883,15327890,PARALIMNI,40000011,0
40010011,20883,15327891,AG. NAPA (W/PARK),40010011,0
40010011,20883,15327892,AG. NAPA (W/PARK),40010011,0
40000011,20883,15327893,PARALIMNI,40000011,0
40000011,20883,15327894,PARALIMNI,40000011,0
40010011,20883,15327895,AG. NAPA (W/PARK),40010011,0
40010011,20883,15327896,AG. NAPA (W/PARK),40010011,0
40050011,20883,15327897,DERYNEIA,40050011,0
40040011,20883,15327898,DERYNEIA,40040011,0
40040011,20883,15327899,DERYNEIA,40040011,0
40150011,20883,15327900,LARNAKA,40150011,0
40150012,20883,15327901,CENTRAL BUS ST.,40150012,1
40010011,20883,15327902,AG. NAPA (W/PARK),40010011,0
40010011,20883,15327903,AG. NAPA (W/PARK),40010011,0
40000011,20883,15327904,PARALIMNI,40000011,0
40170011,20883,15327905,LARNAKA,40170011,0
40170012,20883,15327906,PARALIMNI,40170012,1
40000011,20883,15327907,PARALIMNI,40000011,0
40010011,20883,15327908,AG. NAPA (W/PARK),40010011,0
40010011,20883,15327909,AG. NAPA (W/PARK),40010011,0
40160011,20883,15327910,LARNAKA,40160011,0
40160012,20883,15327911,PARALIMNI SQ. BUS,40160012,1
40030011,20883,15327912,CIRCLE LINE,40030011,0
40000011,20883,15327913,PARALIMNI,40000011,0
40000011,20883,15327914,PARALIMNI,40000011,0
40130011,20883,15327915,AGIA NAPA,40130011,0
40000011,20883,15327916,PARALIMNI,40000011,0
40000011,20883,15327917,PARALIMNI,40000011,0
40000011,20883,15327918,PARALIMNI,40000011,0
40010011,20883,15327919,AG. NAPA (W/PARK),40010011,0
40000011,20883,15327920,PARALIMNI,40000011,0
40000011,20883,15327921,PARALIMNI,40000011,0
40000011,20883,15327922,PARALIMNI,40000011,0
40010011,20883,15327923,AG. NAPA (W/PARK),40010011,0
40010011,20883,15327924,AG. NAPA (W/PARK),40010011,0
40030011,20883,15327925,CIRCLE LINE,40030011,0
40030011,20883,15327926,CIRCLE LINE,40030011,0
40000011,20883,15327927,PARALIMNI,40000011,0
40000011,20883,15327928,PARALIMNI,40000011,0
40040011,20883,15327929,DERYNEIA,40040011,0
40050011,20883,15327930,DERYNEIA,40050011,0
40050011,20883,15327931,DERYNEIA,40050011,0
40010011,20883,15327932,AG. NAPA (W/PARK),40010011,0
40120011,20883,15327933,KONNOS,40120011,0
40120012,20883,15327934,STROVILIA,40120012,1
40100011,20883,15327935,AGIA NAPA,40100011,0
40100012,20883,15327936,DASAKI ACHNAS,40100012,1
40100012,20883,15327937,DASAKI ACHNAS,40100012,1
40100012,20883,15327938,DASAKI ACHNAS,40100012,1
40090011,20883,15327939,AGIA NAPA,40090011,0
40090012,20883,15327940,E.A.C. DHEKELIA,40090012,1
40090012,20883,15327941,E.A.C. DHEKELIA,40090012,1
40090012,20883,15327942,E.A.C. DHEKELIA,40090012,1
40080011,20883,15327943,KONNOS,40080011,0
40080012,20883,15327944,E.A.C. DHEKELIA,40080012,1
40130011,20883,15327945,AGIA NAPA,40130011,0
40130012,20883,15327946,STROVILIA,40130012,1
40130012,20883,15327947,STROVILIA,40130012,1
40130012,20883,15327948,STROVILIA,40130012,1
40050011,20883,15327949,DERYNEIA,40050011,0
40010011,20883,15327950,AG. NAPA (W/PARK),40010011,0
40010011,20883,15327951,AG. NAPA (W/PARK),40010011,0
40000011,20883,15327952,PARALIMNI,40000011,0
40000011,20883,15327953,PARALIMNI,40000011,0
40010011,20883,15327954,AG. NAPA (W/PARK),40010011,0
40010011,20883,15327955,AG. NAPA (W/PARK),40010011,0
40000011,20883,15327956,PARALIMNI,40000011,0
40000011,20883,15327957,PARALIMNI,40000011,0
40040011,20883,15327958,DERYNEIA,40040011,0
40040011,20883,15327959,DERYNEIA,40040011,0
40040011,20883,15327960,DERYNEIA,40040011,0
40010011,20883,15327961,AG. NAPA (W/PARK),40010011,0
40010011,20883,15327962,AG. NAPA (W/PARK),40010011,0
40000011,20883,15327963,PARALIMNI,40000011,0
40000011,20883,15327964,PARALIMNI,40000011,0
40120012,20883,15327965,STROVILIA,40120012,1
40240011,20884,15327966,AGIA NAPA,40240011,0
40230011,20884,15327967,AGIA NAPA,40230011,0
40070011,20884,15327968,PARALIMNI,40070011,0
40110011,20884,15327969,KONNOS,40110011,0
40110012,20884,15327970,XYLOTYMPOU,40110012,1
40010011,20884,15327971,AG. NAPA (W/PARK),40010011,0
40010011,20884,15327972,AG. NAPA (W/PARK),40010011,0
40150011,20884,15327973,LARNAKA,40150011,0
40150012,20884,15327974,CENTRAL BUS ST.,40150012,1
40120011,20884,15327975,KONNOS,40120011,0
40100011,20884,15327976,AGIA NAPA,40100011,0
40100012,20884,15327977,DASAKI ACHNAS,40100012,1
40100011,20884,15327978,AGIA NAPA,40100011,0
40130011,20884,15327979,AGIA NAPA,40130011,0
40080011,20884,15327980,KONNOS,40080011,0
40080012,20884,15327981,E.A.C. DHEKELIA,40080012,1
40180011,20884,15327982,AGIA THEKLA BEACH,40180011,0
40140011,20884,15327983,AGIA NAPA,40140011,0
40140012,20884,15327984,DERYNEIA,40140012,1
40140011,20884,15327985,AGIA NAPA,40140011,0
40180011,20884,15327986,AGIA THEKLA BEACH,40180011,0
40040011,20884,15327987,DERYNEIA,40040011,0
40040011,20884,15327988,DERYNEIA,40040011,0
40250012,20884,15327989,XYLOFAGOU,40250012,1
40200011,20884,15327990,KONNOS,40200011,0
40110011,20884,15327991,KONNOS,40110011,0
40110011,20884,15327992,KONNOS,40110011,0
40210011,20884,15327993,KONNOS,40210011,0
40000011,20884,15327994,PARALIMNI,40000011,0
40000011,20884,15327995,PARALIMNI,40000011,0
40010011,20884,15327996,AG. NAPA (W/PARK),40010011,0
40010011,20884,15327997,AG. NAPA (W/PARK),40010011,0
40000011,20884,15327998,PARALIMNI,40000011,0
40240011,20884,15327999,AGIA NAPA,40240011,0
40230011,20884,15328000,AGIA NAPA,40230011,0
40130011,20884,15328001,AGIA NAPA,40130011,0
40130012,20884,15328002,STROVILIA,40130012,1
40130011,20884,15328003,AGIA NAPA,40130011,0
40080011,20884,15328004,KONNOS,40080011,0
40100011,20884,15328005,AGIA NAPA,40100011,0
40120011,20884,15328006,KONNOS,40120011,0
40010011,20884,15328007,AG. NAPA (W/PARK),40010011,0
40010011,20884,15328008,AG. NAPA (W/PARK),40010011,0
40000011,20884,15328009,PARALIMNI,40000011,0
40000011,20884,15328010,PARALIMNI,40000011,0
40020011,20884,15328011,WEST CIRCLE LINE,40020011,0
40020011,20884,15328012,WEST CIRCLE LINE,40020011,0
40020011,20884,15328013,WEST CIRCLE LINE,40020011,0
40050011,20884,15328014,DERYNEIA,40050011,0
40180011,20884,15328015,AGIA THEKLA BEACH,40180011,0
40120012,20884,15328016,STROVILIA,40120012,1
40150011,20884,15328017,LARNAKA,40150011,0
40150012,20884,15328018,CENTRAL BUS ST.,40150012,1
40010011,20884,15328019,AG. NAPA (W/PARK),40010011,0
40010011,20884,15328020,AG. NAPA (W/PARK),40010011,0
40000011,20884,15328021,PARALIMNI,40000011,0
40000011,20884,15328022,PARALIMNI,40000011,0
40090011,20884,15328023,AGIA NAPA,40090011,0
40100011,20884,15328024,AGIA NAPA,40100011,0
40010011,20884,15328025,AG. NAPA (W/PARK),40010011,0
40010011,20884,15328026,AG. NAPA (W/PARK),40010011,0
40040011,20884,15328027,DERYNEIA,40040011,0
40050011,20884,15328028,DERYNEIA,40050011,0
40050011,20884,15328029,DERYNEIA,40050011,0
40130011,20884,15328030,AGIA NAPA,40130011,0
40130012,20884,15328031,STROVILIA,40130012,1
40130011,20884,15328032,AGIA NAPA,40130011,0
40130012,20884,15328033,STROVILIA,40130012,1
40090012,20884,15328034,E.A.C. DHEKELIA,40090012,1
40090011,20884,15328035,AGIA NAPA,40090011,0
40000011,20884,15328036,PARALIMNI,40000011,0
40000011,20884,15328037,PARALIMNI,40000011,0
40010011,20884,15328038,AG. NAPA (W/PARK),40010011,0
40010011,20884,15328039,AG. NAPA (W/PARK),40010011,0
40220011,20884,15328040,EAST CIRCLE LINE,40220011,0
40220011,20884,15328041,EAST CIRCLE LINE,40220011,0
40220011,20884,15328042,EAST CIRCLE LINE,40220011,0
40160011,20884,15328043,LARNAKA,40160011,0
40160012,20884,15328044,PARALIMNI SQ. BUS,40160012,1
40150011,20884,15328045,LARNAKA,40150011,0
40150012,20884,15328046,CENTRAL BUS ST.,40150012,1
40170011,20884,15328047,LARNAKA,40170011,0
40170012,20884,15328048,PARALIMNI,40170012,1
40030011,20884,15328049,CIRCLE LINE,40030011,0
40030011,20884,15328050,CIRCLE LINE,40030011,0
40030011,20884,15328051,CIRCLE LINE,40030011,0
40030011,20884,15328052,CIRCLE LINE,40030011,0
40000011,20884,15328053,PARALIMNI,40000011,0
40000011,20884,15328054,PARALIMNI,40000011,0
40010011,20884,15328055,AG. NAPA (W/PARK),40010011,0
40010011,20884,15328056,AG. NAPA (W/PARK),40010011,0
40120011,20884,15328057,KONNOS,40120011,0
40050011,20884,15328058,DERYNEIA,40050011,0
40000011,20884,15328059,PARALIMNI,40000011,0
40040011,20884,15328060,DERYNEIA,40040011,0
40010011,20884,15328061,AG. NAPA (W/PARK),40010011,0
40010011,20884,15328062,AG. NAPA (W/PARK),40010011,0
40010011,20884,15328063,AG. NAPA (W/PARK),40010011,0
40100012,20884,15328064,DASAKI ACHNAS,40100012,1
40000011,20884,15328065,PARALIMNI,40000011,0
40000011,20884,15328066,PARALIMNI,40000011,0
40000011,20884,15328067,PARALIMNI,40000011,0
40010011,20884,15328068,AG. NAPA (W/PARK),40010011,0
40010011,20884,15328069,AG. NAPA (W/PARK),40010011,0
40050011,20884,15328070,DERYNEIA,40050011,0
40010011,20884,15328071,AG. NAPA (W/PARK),40010011,0
40010011,20884,15328072,AG. NAPA (W/PARK),40010011,0
40010011,20884,15328073,AG. NAPA (W/PARK),40010011,0
40150011,20884,15328074,LARNAKA,40150011,0
40000011,20884,15328075,PARALIMNI,40000011,0
40000011,20884,15328076,PARALIMNI,40000011,0
40010011,20884,15328077,AG. NAPA (W/PARK),40010011,0
40120011,20884,15328078,KONNOS,40120011,0
40000011,20884,15328079,PARALIMNI,40000011,0
40010011,20884,15328080,AG. NAPA (W/PARK),40010011,0
40010011,20884,15328081,AG. NAPA (W/PARK),40010011,0
40100011,20884,15328082,AGIA NAPA,40100011,0
40100012,20884,15328083,DASAKI ACHNAS,40100012,1
40040011,20884,15328084,DERYNEIA,40040011,0
40000011,20884,15328085,PARALIMNI,40000011,0
40000011,20884,15328086,PARALIMNI,40000011,0
40170011,20884,15328087,LARNAKA,40170011,0
40170012,20884,15328088,PARALIMNI,40170012,1
40160011,20884,15328089,LARNAKA,40160011,0
40160012,20884,15328090,PARALIMNI SQ. BUS,40160012,1
40010011,20884,15328091,AG. NAPA (W/PARK),40010011,0
40010011,20884,15328092,AG. NAPA (W/PARK),40010011,0
40150011,20884,15328093,LARNAKA,40150011,0
40150012,20884,15328094,CENTRAL BUS ST.,40150012,1
40010011,20884,15328095,AG. NAPA (W/PARK),40010011,0
40010011,20884,15328096,AG. NAPA (W/PARK),40010011,0
40050011,20884,15328097,DERYNEIA,40050011,0
40040011,20884,15328098,DERYNEIA,40040011,0
40000011,20884,15328099,PARALIMNI,40000011,0
40010011,20884,15328100,AG. NAPA (W/PARK),40010011,0
40010011,20884,15328101,AG. NAPA (W/PARK),40010011,0
40000011,20884,15328102,PARALIMNI,40000011,0
40000011,20884,15328103,PARALIMNI,40000011,0
40140012,20884,15328104,DERYNEIA,40140012,1
40010011,20884,15328105,AG. NAPA (W/PARK),40010011,0
40140011,20884,15328106,AGIA NAPA,40140011,0
40010011,20884,15328107,AG. NAPA (W/PARK),40010011,0
40000011,20884,15328108,PARALIMNI,40000011,0
40000011,20884,15328109,PARALIMNI,40000011,0
40030011,20884,15328110,CIRCLE LINE,40030011,0
40010011,20884,15328111,AG. NAPA (W/PARK),40010011,0
40040011,20884,15328112,DERYNEIA,40040011,0
40000011,20884,15328113,PARALIMNI,40000011,0
40050011,20884,15328114,DERYNEIA,40050011,0
40020011,20884,15328115,WEST CIRCLE LINE,40020011,0
40150011,20884,15328116,LARNAKA,40150011,0
40000011,20884,15328117,PARALIMNI,40000011,0
40010011,20884,15328118,AG. NAPA (W/PARK),40010011,0
40000011,20884,15328119,PARALIMNI,40000011,0
40010011,20884,15328120,AG. NAPA (W/PARK),40010011,0
40090011,20884,15328121,AGIA NAPA,40090011,0
40000011,20884,15328122,PARALIMNI,40000011,0
40120011,20884,15328123,KONNOS,40120011,0
40080011,20884,15328124,KONNOS,40080011,0
40220011,20884,15328125,EAST CIRCLE LINE,40220011,0
40160011,20884,15328126,LARNAKA,40160011,0
40040011,20884,15328127,DERYNEIA,40040011,0
40000011,20884,15328128,PARALIMNI,40000011,0
40050011,20884,15328129,DERYNEIA,40050011,0
40030011,20884,15328130,CIRCLE LINE,40030011,0
40170011,20884,15328131,LARNAKA,40170011,0
40150011,20884,15328132,LARNAKA,40150011,0
40010011,20884,15328133,AG. NAPA (W/PARK),40010011,0
40000011,20884,15328134,PARALIMNI,40000011,0
40000011,20884,15328135,PARALIMNI,40000011,0
40000011,20884,15328136,PARALIMNI,40000011,0
40090012,20884,15328137,E.A.C. DHEKELIA,40090012,1
40090012,20884,15328138,E.A.C. DHEKELIA,40090012,1
40010011,20884,15328139,AG. NAPA (W/PARK),40010011,0
40020011,20884,15328140,WEST CIRCLE LINE,40020011,0
40020011,20884,15328141,WEST CIRCLE LINE,40020011,0
40000011,20884,15328142,PARALIMNI,40000011,0
40000011,20884,15328143,PARALIMNI,40000011,0
40010011,20884,15328144,AG. NAPA (W/PARK),40010011,0
40030011,20884,15328145,CIRCLE LINE,40030011,0
40030011,20884,15328146,CIRCLE LINE,40030011,0
40040011,20884,15328147,DERYNEIA,40040011,0
40210012,20884,15328148,CENTRAL BUS ST.,40210012,1
40200012,20884,15328149,CENTRAL BUS ST.,40200012,1
40180012,20884,15328150,PARALIMNI,40180012,1
40130012,20884,15328151,STROVILIA,40130012,1
40240012,20884,15328152,XYLOTYMPOU,40240012,1
40110012,20884,15328153,XYLOTYMPOU,40110012,1
40140012,20884,15328154,DERYNEIA,40140012,1
40230012,20884,15328155,E.A.C. DHEKELIA,40230012,1
40120012,20884,15328156,STROVILIA,40120012,1
40100012,20884,15328157,DASAKI ACHNAS,40100012,1
40010011,20884,15328158,AG. NAPA (W/PARK),40010011,0
40000011,20884,15328159,PARALIMNI,40000011,0
40150011,20884,15328160,LARNAKA,40150011,0
40150012,20884,15328161,CENTRAL BUS ST.,40150012,1
40080012,20884,15328162,E.A.C. DHEKELIA,40080012,1
40010011,20884,15328163,AG. NAPA (W/PARK),40010011,0
40000011,20884,15328164,PARALIMNI,40000011,0
40050011,20884,15328165,DERYNEIA,40050011,0
40040011,20884,15328166,DERYNEIA,40040011,0
40040011,20884,15328167,DERYNEIA,40040011,0
40130012,20884,15328168,STROVILIA,40130012,1
40110012,20884,15328169,XYLOTYMPOU,40110012,1
40110011,20884,15328170,KONNOS,40110011,0
40110012,20884,15328171,XYLOTYMPOU,40110012,1
40010011,20884,15328172,AG. NAPA (W/PARK),40010011,0
40010011,20884,15328173,AG. NAPA (W/PARK),40010011,0
40090012,20884,15328174,E.A.C. DHEKELIA,40090012,1
40120012,20884,15328175,STROVILIA,40120012,1
40160011,20884,15328176,LARNAKA,40160011,0
40160012,20884,15328177,PARALIMNI SQ. BUS,40160012,1
40000011,20884,15328178,PARALIMNI,40000011,0
40220011,20884,15328179,EAST CIRCLE LINE,40220011,0
40220011,20884,15328180,EAST CIRCLE LINE,40220011,0
40150012,20884,15328181,CENTRAL BUS ST.,40150012,1
40100012,20884,15328182,DASAKI ACHNAS,40100012,1
40000011,20884,15328183,PARALIMNI,40000011,0
40000011,20884,15328184,PARALIMNI,40000011,0
40010011,20884,15328185,AG. NAPA (W/PARK),40010011,0
40170012,20884,15328186,PARALIMNI,40170012,1
40170011,20884,15328187,LARNAKA,40170011,0
40170012,20884,15328188,PARALIMNI,40170012,1
40000011,20884,15328189,PARALIMNI,40000011,0
40010011,20884,15328190,AG. NAPA (W/PARK),40010011,0
40010011,20884,15328191,AG. NAPA (W/PARK),40010011,0
40000011,20884,15328192,PARALIMNI,40000011,0
40160012,20884,15328193,PARALIMNI SQ. BUS,40160012,1
40000011,20884,15328194,PARALIMNI,40000011,0
40010011,20884,15328195,AG. NAPA (W/PARK),40010011,0
40010011,20884,15328196,AG. NAPA (W/PARK),40010011,0
40090011,20884,15328197,AGIA NAPA,40090011,0
40090012,20884,15328198,E.A.C. DHEKELIA,40090012,1
40000011,20884,15328199,PARALIMNI,40000011,0
40000011,20884,15328200,PARALIMNI,40000011,0
40000011,20884,15328201,PARALIMNI,40000011,0
40010011,20884,15328202,AG. NAPA (W/PARK),40010011,0
40150011,20884,15328203,LARNAKA,40150011,0
40150012,20884,15328204,CENTRAL BUS ST.,40150012,1
40010011,20884,15328205,AG. NAPA (W/PARK),40010011,0
40010011,20884,15328206,AG. NAPA (W/PARK),40010011,0
40000011,20884,15328207,PARALIMNI,40000011,0
40050011,20884,15328208,DERYNEIA,40050011,0
40030011,20884,15328209,CIRCLE LINE,40030011,0
40150012,20884,15328210,CENTRAL BUS ST.,40150012,1
40000011,20884,15328211,PARALIMNI,40000011,0
40000011,20884,15328212,PARALIMNI,40000011,0
40010011,20884,15328213,AG. NAPA (W/PARK),40010011,0
40010011,20884,15328214,AG. NAPA (W/PARK),40010011,0
40010011,20884,15328215,AG. NAPA (W/PARK),40010011,0
40120012,20884,15328216,STROVILIA,40120012,1
40000011,20884,15328217,PARALIMNI,40000011,0
40100012,20884,15328218,DASAKI ACHNAS,40100012,1
40000011,20884,15328219,PARALIMNI,40000011,0
40000011,20884,15328220,PARALIMNI,40000011,0
40130012,20884,15328221,STROVILIA,40130012,1
40010011,20884,15328222,AG. NAPA (W/PARK),40010011,0
40140011,20884,15328223,AGIA NAPA,40140011,0
40010011,20884,15328224,AG. NAPA (W/PARK),40010011,0
40010011,20884,15328225,AG. NAPA (W/PARK),40010011,0
40000011,20884,15328226,PARALIMNI,40000011,0
40010011,20884,15328227,AG. NAPA (W/PARK),40010011,0
40000011,20884,15328228,PARALIMNI,40000011,0
40100011,20884,15328229,AGIA NAPA,40100011,0
40100012,20884,15328230,DASAKI ACHNAS,40100012,1
40100011,20884,15328231,AGIA NAPA,40100011,0
40100012,20884,15328232,DASAKI ACHNAS,40100012,1
40130011,20884,15328233,AGIA NAPA,40130011,0
40130012,20884,15328234,STROVILIA,40130012,1
40130011,20884,15328235,AGIA NAPA,40130011,0
40130012,20884,15328236,STROVILIA,40130012,1
40000011,20884,15328237,PARALIMNI,40000011,0
40000011,20884,15328238,PARALIMNI,40000011,0
40010011,20884,15328239,AG. NAPA (W/PARK),40010011,0
40030011,20884,15328240,CIRCLE LINE,40030011,0
40110011,20884,15328241,KONNOS,40110011,0
40110012,20884,15328242,XYLOTYMPOU,40110012,1
40000011,20884,15328243,PARALIMNI,40000011,0
40000011,20884,15328244,PARALIMNI,40000011,0
40010011,20884,15328245,AG. NAPA (W/PARK),40010011,0
40010011,20884,15328246,AG. NAPA (W/PARK),40010011,0
40000011,20884,15328247,PARALIMNI,40000011,0
40000011,20884,15328248,PARALIMNI,40000011,0
40050011,20884,15328249,DERYNEIA,40050011,0
40010011,20884,15328250,AG. NAPA (W/PARK),40010011,0
40010011,20884,15328251,AG. NAPA (W/PARK),40010011,0
40040011,20884,15328252,DERYNEIA,40040011,0
40040011,20884,15328253,DERYNEIA,40040011,0
40150011,20884,15328254,LARNAKA,40150011,0
40150012,20884,15328255,CENTRAL BUS ST.,40150012,1
40010011,20884,15328256,AG. NAPA (W/PARK),40010011,0
40010011,20884,15328257,AG. NAPA (W/PARK),40010011,0
40000011,20884,15328258,PARALIMNI,40000011,0
40170011,20884,15328259,LARNAKA,40170011,0
40170012,20884,15328260,PARALIMNI,40170012,1
40000011,20884,15328261,PARALIMNI,40000011,0
40160011,20884,15328262,LARNAKA,40160011,0
40160012,20884,15328263,PARALIMNI SQ. BUS,40160012,1
40010011,20884,15328264,AG. NAPA (W/PARK),40010011,0
40010011,20884,15328265,AG. NAPA (W/PARK),40010011,0
40030011,20884,15328266,CIRCLE LINE,40030011,0
40000011,20884,15328267,PARALIMNI,40000011,0
40000011,20884,15328268,PARALIMNI,40000011,0
40000011,20884,15328269,PARALIMNI,40000011,0
40000011,20884,15328270,PARALIMNI,40000011,0
40000011,20884,15328271,PARALIMNI,40000011,0
40010011,20884,15328272,AG. NAPA (W/PARK),40010011,0
40000011,20884,15328273,PARALIMNI,40000011,0
40000011,20884,15328274,PARALIMNI,40000011,0
40000011,20884,15328275,PARALIMNI,40000011,0
40000011,20884,15328276,PARALIMNI,40000011,0
40000011,20884,15328277,PARALIMNI,40000011,0
40010011,20884,15328278,AG. NAPA (W/PARK),40010011,0
40010011,20884,15328279,AG. NAPA (W/PARK),40010011,0
40030011,20884,15328280,CIRCLE LINE,40030011,0
40030011,20884,15328281,CIRCLE LINE,40030011,0
40000011,20884,15328282,PARALIMNI,40000011,0
40000011,20884,15328283,PARALIMNI,40000011,0
40040011,20884,15328284,DERYNEIA,40040011,0
40050011,20884,15328285,DERYNEIA,40050011,0
40050011,20884,15328286,DERYNEIA,40050011,0
40010011,20884,15328287,AG. NAPA (W/PARK),40010011,0
40090011,20884,15328288,AGIA NAPA,40090011,0
40090012,20884,15328289,E.A.C. DHEKELIA,40090012,1
40080011,20884,15328290,KONNOS,40080011,0
40080012,20884,15328291,E.A.C. DHEKELIA,40080012,1
40120011,20884,15328292,KONNOS,40120011,0
40120012,20884,15328293,STROVILIA,40120012,1
40050011,20884,15328294,DERYNEIA,40050011,0
40010011,20884,15328295,AG. NAPA (W/PARK),40010011,0
40010011,20884,15328296,AG. NAPA (W/PARK),40010011,0
40000011,20884,15328297,PARALIMNI,40000011,0
40000011,20884,15328298,PARALIMNI,40000011,0
40010011,20884,15328299,AG. NAPA (W/PARK),40010011,0
40010011,20884,15328300,AG. NAPA (W/PARK),40010011,0
40040011,20884,15328301,DERYNEIA,40040011,0
40040011,20884,15328302,DERYNEIA,40040011,0
40040011,20884,15328303,DERYNEIA,40040011,0
40010011,20884,15328304,AG. NAPA (W/PARK),40010011,0
40010011,20884,15328305,AG. NAPA (W/PARK),40010011,0
40000011,20884,15328306,PARALIMNI,40000011,0
40000011,20884,15328307,PARALIMNI,40000011,0
40120012,20884,15328308,STROVILIA,40120012,1
40240011,20939,15378520,AGIA NAPA,40240011,0
40230011,20939,15378521,AGIA NAPA,40230011,0
40230012,20939,15378522,E.A.C. DHEKELIA,40230012,1
40070011,20939,15378523,PARALIMNI,40070011,0
40110011,20939,15378524,KONNOS,40110011,0
40110012,20939,15378525,XYLOTYMPOU,40110012,1
40110011,20939,15378526,KONNOS,40110011,0
40110012,20939,15378527,XYLOTYMPOU,40110012,1
40010011,20939,15378528,AG. NAPA (W/PARK),40010011,0
40150011,20939,15378529,LARNAKA,40150011,0
40150012,20939,15378530,CENTRAL BUS ST.,40150012,1
40120011,20939,15378531,KONNOS,40120011,0
40100011,20939,15378532,AGIA NAPA,40100011,0
40100012,20939,15378533,DASAKI ACHNAS,40100012,1
40100011,20939,15378534,AGIA NAPA,40100011,0
40100012,20939,15378535,DASAKI ACHNAS,40100012,1
40130011,20939,15378536,AGIA NAPA,40130011,0
40080011,20939,15378537,KONNOS,40080011,0
40080012,20939,15378538,E.A.C. DHEKELIA,40080012,1
40080011,20939,15378539,KONNOS,40080011,0
40080012,20939,15378540,E.A.C. DHEKELIA,40080012,1
40180011,20939,15378541,AGIA THEKLA BEACH,40180011,0
40160011,20939,15378542,LARNAKA,40160011,0
40160012,20939,15378543,PARALIMNI SQ. BUS,40160012,1
40280011,20939,15378544,LARNAKA,40280011,0
40140011,20939,15378545,AGIA NAPA,40140011,0
40140012,20939,15378546,DERYNEIA,40140012,1
40140011,20939,15378547,AGIA NAPA,40140011,0
40140012,20939,15378548,DERYNEIA,40140012,1
40180011,20939,15378549,AGIA THEKLA BEACH,40180011,0
40040011,20939,15378550,DERYNEIA,40040011,0
40040011,20939,15378551,DERYNEIA,40040011,0
40250012,20939,15378552,XYLOFAGOU,40250012,1
40200011,20939,15378553,KONNOS,40200011,0
40200011,20939,15378554,KONNOS,40200011,0
40210011,20939,15378555,KONNOS,40210011,0
40110011,20939,15378556,KONNOS,40110011,0
40110011,20939,15378557,KONNOS,40110011,0
40110012,20939,15378558,XYLOTYMPOU,40110012,1
40000011,20939,15378559,PARALIMNI,40000011,0
40000011,20939,15378560,PARALIMNI,40000011,0
40000011,20939,15378561,PARALIMNI,40000011,0
40010011,20939,15378562,AG. NAPA (W/PARK),40010011,0
40010011,20939,15378563,AG. NAPA (W/PARK),40010011,0
40010011,20939,15378564,AG. NAPA (W/PARK),40010011,0
40000011,20939,15378565,PARALIMNI,40000011,0
40000011,20939,15378566,PARALIMNI,40000011,0
40000011,20939,15378567,PARALIMNI,40000011,0
40230011,20939,15378568,AGIA NAPA,40230011,0
40070011,20939,15378569,PARALIMNI,40070011,0
40240011,20939,15378570,AGIA NAPA,40240011,0
40130011,20939,15378571,AGIA NAPA,40130011,0
40130012,20939,15378572,STROVILIA,40130012,1
40130011,20939,15378573,AGIA NAPA,40130011,0
40130012,20939,15378574,STROVILIA,40130012,1
40080011,20939,15378575,KONNOS,40080011,0
40100011,20939,15378576,AGIA NAPA,40100011,0
40260011,20939,15378577,GENERAL HOSPITAL,40260011,0
40120011,20939,15378578,KONNOS,40120011,0
40010011,20939,15378579,AG. NAPA (W/PARK),40010011,0
40010011,20939,15378580,AG. NAPA (W/PARK),40010011,0
40010011,20939,15378581,AG. NAPA (W/PARK),40010011,0
40020011,20939,15378582,WEST CIRCLE LINE,40020011,0
40020011,20939,15378583,WEST CIRCLE LINE,40020011,0
40020011,20939,15378584,WEST CIRCLE LINE,40020011,0
40000011,20939,15378585,PARALIMNI,40000011,0
40000011,20939,15378586,PARALIMNI,40000011,0
40000011,20939,15378587,PARALIMNI,40000011,0
40050011,20939,15378588,DERYNEIA,40050011,0
40050011,20939,15378589,DERYNEIA,40050011,0
40180011,20939,15378590,AGIA THEKLA BEACH,40180011,0
40150011,20939,15378591,LARNAKA,40150011,0
40150012,20939,15378592,CENTRAL BUS ST.,40150012,1
40120012,20939,15378593,STROVILIA,40120012,1
40120011,20939,15378594,KONNOS,40120011,0
40120012,20939,15378595,STROVILIA,40120012,1
40010011,20939,15378596,AG. NAPA (W/PARK),40010011,0
40000011,20939,15378597,PARALIMNI,40000011,0
40000011,20939,15378598,PARALIMNI,40000011,0
40090011,20939,15378599,AGIA NAPA,40090011,0
40010011,20939,15378600,AG. NAPA (W/PARK),40010011,0
40010011,20939,15378601,AG. NAPA (W/PARK),40010011,0
40100011,20939,15378602,AGIA NAPA,40100011,0
40100012,20939,15378603,DASAKI ACHNAS,40100012,1
40040011,20939,15378604,DERYNEIA,40040011,0
40130011,20939,15378605,AGIA NAPA,40130011,0
40130012,20939,15378606,STROVILIA,40130012,1
40130011,20939,15378607,AGIA NAPA,40130011,0
40130012,20939,15378608,STROVILIA,40130012,1
40050011,20939,15378609,DERYNEIA,40050011,0
40050011,20939,15378610,DERYNEIA,40050011,0
40090012,20939,15378611,E.A.C. DHEKELIA,40090012,1
40090011,20939,15378612,AGIA NAPA,40090011,0
40090012,20939,15378613,E.A.C. DHEKELIA,40090012,1
40150011,20939,15378614,LARNAKA,40150011,0
40150012,20939,15378615,CENTRAL BUS ST.,40150012,1
40160011,20939,15378616,LARNAKA,40160011,0
40160012,20939,15378617,PARALIMNI SQ. BUS,40160012,1
40170011,20939,15378618,LARNAKA,40170011,0
40170012,20939,15378619,PARALIMNI,40170012,1
40000011,20939,15378620,PARALIMNI,40000011,0
40000011,20939,15378621,PARALIMNI,40000011,0
40010011,20939,15378622,AG. NAPA (W/PARK),40010011,0
40010011,20939,15378623,AG. NAPA (W/PARK),40010011,0
40220011,20939,15378624,EAST CIRCLE LINE,40220011,0
40220011,20939,15378625,EAST CIRCLE LINE,40220011,0
40220011,20939,15378626,EAST CIRCLE LINE,40220011,0
40030011,20939,15378627,CIRCLE LINE,40030011,0
40030011,20939,15378628,CIRCLE LINE,40030011,0
40030011,20939,15378629,CIRCLE LINE,40030011,0
40170012,20939,15378630,PARALIMNI,40170012,1
40170011,20939,15378631,LARNAKA,40170011,0
40170012,20939,15378632,PARALIMNI,40170012,1
40010011,20939,15378633,AG. NAPA (W/PARK),40010011,0
40010011,20939,15378634,AG. NAPA (W/PARK),40010011,0
40000011,20939,15378635,PARALIMNI,40000011,0
40000011,20939,15378636,PARALIMNI,40000011,0
40050011,20939,15378637,DERYNEIA,40050011,0
40120011,20939,15378638,KONNOS,40120011,0
40000011,20939,15378639,PARALIMNI,40000011,0
40000011,20939,15378640,PARALIMNI,40000011,0
40010011,20939,15378641,AG. NAPA (W/PARK),40010011,0
40010011,20939,15378642,AG. NAPA (W/PARK),40010011,0
40160011,20939,15378643,LARNAKA,40160011,0
40160012,20939,15378644,PARALIMNI SQ. BUS,40160012,1
40040011,20939,15378645,DERYNEIA,40040011,0
40040011,20939,15378646,DERYNEIA,40040011,0
40010011,20939,15378647,AG. NAPA (W/PARK),40010011,0
40010011,20939,15378648,AG. NAPA (W/PARK),40010011,0
40010011,20939,15378649,AG. NAPA (W/PARK),40010011,0
40010011,20939,15378650,AG. NAPA (W/PARK),40010011,0
40050011,20939,15378651,DERYNEIA,40050011,0
40000011,20939,15378652,PARALIMNI,40000011,0
40010011,20939,15378653,AG. NAPA (W/PARK),40010011,0
40000011,20939,15378654,PARALIMNI,40000011,0
40000011,20939,15378655,PARALIMNI,40000011,0
40170011,20939,15378656,LARNAKA,40170011,0
40170012,20939,15378657,PARALIMNI,40170012,1
40150011,20939,15378658,LARNAKA,40150011,0
40010011,20939,15378659,AG. NAPA (W/PARK),40010011,0
40120011,20939,15378660,KONNOS,40120011,0
40000011,20939,15378661,PARALIMNI,40000011,0
40010011,20939,15378662,AG. NAPA (W/PARK),40010011,0
40010011,20939,15378663,AG. NAPA (W/PARK),40010011,0
40100011,20939,15378664,AGIA NAPA,40100011,0
40100012,20939,15378665,DASAKI ACHNAS,40100012,1
40040011,20939,15378666,DERYNEIA,40040011,0
40010011,20939,15378667,AG. NAPA (W/PARK),40010011,0
40010011,20939,15378668,AG. NAPA (W/PARK),40010011,0
40150011,20939,15378669,LARNAKA,40150011,0
40150012,20939,15378670,CENTRAL BUS ST.,40150012,1
40000011,20939,15378671,PARALIMNI,40000011,0
40010011,20939,15378672,AG. NAPA (W/PARK),40010011,0
40010011,20939,15378673,AG. NAPA (W/PARK),40010011,0
40040011,20939,15378674,DERYNEIA,40040011,0
40000011,20939,15378675,PARALIMNI,40000011,0
40160011,20939,15378676,LARNAKA,40160011,0
40160012,20939,15378677,PARALIMNI SQ. BUS,40160012,1
40030011,20939,15378678,CIRCLE LINE,40030011,0
40010011,20939,15378679,AG. NAPA (W/PARK),40010011,0
40010011,20939,15378680,AG. NAPA (W/PARK),40010011,0
40000011,20939,15378681,PARALIMNI,40000011,0
40140012,20939,15378682,DERYNEIA,40140012,1
40140011,20939,15378683,AGIA NAPA,40140011,0
40010011,20939,15378684,AG. NAPA (W/PARK),40010011,0
40010011,20939,15378685,AG. NAPA (W/PARK),40010011,0
40160011,20939,15378686,LARNAKA,40160011,0
40160012,20939,15378687,PARALIMNI SQ. BUS,40160012,1
40000011,20939,15378688,PARALIMNI,40000011,0
40000011,20939,15378689,PARALIMNI,40000011,0
40030011,20939,15378690,CIRCLE LINE,40030011,0
40050011,20939,15378691,DERYNEIA,40050011,0
40010011,20939,15378692,AG. NAPA (W/PARK),40010011,0
40010011,20939,15378693,AG. NAPA (W/PARK),40010011,0
40020011,20939,15378694,WEST CIRCLE LINE,40020011,0
40020011,20939,15378695,WEST CIRCLE LINE,40020011,0
40020011,20939,15378696,WEST CIRCLE LINE,40020011,0
40010011,20939,15378697,AG. NAPA (W/PARK),40010011,0
40010011,20939,15378698,AG. NAPA (W/PARK),40010011,0
40000011,20939,15378699,PARALIMNI,40000011,0
40150011,20939,15378700,LARNAKA,40150011,0
40150012,20939,15378701,CENTRAL BUS ST.,40150012,1
40010011,20939,15378702,AG. NAPA (W/PARK),40010011,0
40010011,20939,15378703,AG. NAPA (W/PARK),40010011,0
40090011,20939,15378704,AGIA NAPA,40090011,0
40090012,20939,15378705,E.A.C. DHEKELIA,40090012,1
40090011,20939,15378706,AGIA NAPA,40090011,0
40090012,20939,15378707,E.A.C. DHEKELIA,40090012,1
40010011,20939,15378708,AG. NAPA (W/PARK),40010011,0
40010011,20939,15378709,AG. NAPA (W/PARK),40010011,0
40260012,20939,15378710,XYLOFAGOU,40260012,1
40000011,20939,15378711,PARALIMNI,40000011,0
40000011,20939,15378712,PARALIMNI,40000011,0
40070012,20939,15378713,XYLOTYMPOU,40070012,1
40000011,20939,15378714,PARALIMNI,40000011,0
40000011,20939,15378715,PARALIMNI,40000011,0
40220011,20939,15378716,EAST CIRCLE LINE,40220011,0
40220011,20939,15378717,EAST CIRCLE LINE,40220011,0
40160011,20939,15378718,LARNAKA,40160011,0
40160012,20939,15378719,PARALIMNI SQ. BUS,40160012,1
40290011,20939,15378720,PARALIMNI,40290011,0
40290012,20939,15378721,XYLOTYMPOU,40290012,1
40050011,20939,15378722,DERYNEIA,40050011,0
40010011,20939,15378723,AG. NAPA (W/PARK),40010011,0
40170011,20939,15378724,LARNAKA,40170011,0
40170012,20939,15378725,PARALIMNI,40170012,1
40040011,20939,15378726,DERYNEIA,40040011,0
40000011,20939,15378727,PARALIMNI,40000011,0
40000011,20939,15378728,PARALIMNI,40000011,0
40150011,20939,15378729,LARNAKA,40150011,0
40150012,20939,15378730,CENTRAL BUS ST.,40150012,1
40030011,20939,15378731,CIRCLE LINE,40030011,0
40010011,20939,15378732,AG. NAPA (W/PARK),40010011,0
40010011,20939,15378733,AG. NAPA (W/PARK),40010011,0
40070012,20939,15378734,XYLOTYMPOU,40070012,1
40000011,20939,15378735,PARALIMNI,40000011,0
40000011,20939,15378736,PARALIMNI,40000011,0
40140011,20939,15378737,AGIA NAPA,40140011,0
40310011,20939,15378738,AGIA NAPA,40310011,0
40250011,20939,15378739,AGIA NAPA,40250011,0
40010011,20939,15378740,AG. NAPA (W/PARK),40010011,0
40000011,20939,15378741,PARALIMNI,40000011,0
40000011,20939,15378742,PARALIMNI,40000011,0
40320011,20939,15378743,AGIA NAPA A.C.,40320011,0
40000011,20939,15378744,PARALIMNI,40000011,0
40000011,20939,15378745,PARALIMNI,40000011,0
40000011,20939,15378746,PARALIMNI,40000011,0
40000011,20939,15378747,PARALIMNI,40000011,0
40010011,20939,15378748,AG. NAPA (W/PARK),40010011,0
40040011,20939,15378749,DERYNEIA,40040011,0
40030011,20939,15378750,CIRCLE LINE,40030011,0
40200012,20939,15378751,CENTRAL BUS ST.,40200012,1
40180012,20939,15378752,PARALIMNI,40180012,1
40210012,20939,15378753,CENTRAL BUS ST.,40210012,1
40240012,20939,15378754,XYLOTYMPOU,40240012,1
40000011,20939,15378755,PARALIMNI,40000011,0
40150011,20939,15378756,LARNAKA,40150011,0
40150012,20939,15378757,CENTRAL BUS ST.,40150012,1
40010011,20939,15378758,AG. NAPA (W/PARK),40010011,0
40010011,20939,15378759,AG. NAPA (W/PARK),40010011,0
40040011,20939,15378760,DERYNEIA,40040011,0
40120012,20939,15378761,STROVILIA,40120012,1
40130012,20939,15378762,STROVILIA,40130012,1
40050011,20939,15378763,DERYNEIA,40050011,0
40000011,20939,15378764,PARALIMNI,40000011,0
40000011,20939,15378765,PARALIMNI,40000011,0
40100012,20939,15378766,DASAKI ACHNAS,40100012,1
40110012,20939,15378767,XYLOTYMPOU,40110012,1
40110011,20939,15378768,KONNOS,40110011,0
40110012,20939,15378769,XYLOTYMPOU,40110012,1
40010011,20939,15378770,AG. NAPA (W/PARK),40010011,0
40160011,20939,15378771,LARNAKA,40160011,0
40160012,20939,15378772,PARALIMNI SQ. BUS,40160012,1
40000011,20939,15378773,PARALIMNI,40000011,0
40030011,20939,15378774,CIRCLE LINE,40030011,0
40170011,20939,15378775,LARNAKA,40170011,0
40170012,20939,15378776,PARALIMNI,40170012,1
40000011,20939,15378777,PARALIMNI,40000011,0
40000011,20939,15378778,PARALIMNI,40000011,0
40000011,20939,15378779,PARALIMNI,40000011,0
40000011,20939,15378780,PARALIMNI,40000011,0
40000011,20939,15378781,PARALIMNI,40000011,0
40010011,20939,15378782,AG. NAPA (W/PARK),40010011,0
40010011,20939,15378783,AG. NAPA (W/PARK),40010011,0
40150011,20939,15378784,LARNAKA,40150011,0
40150012,20939,15378785,CENTRAL BUS ST.,40150012,1
40000011,20939,15378786,PARALIMNI,40000011,0
40000011,20939,15378787,PARALIMNI,40000011,0
40050011,20939,15378788,DERYNEIA,40050011,0
40030011,20939,15378789,CIRCLE LINE,40030011,0
40010011,20939,15378790,AG. NAPA (W/PARK),40010011,0
40000011,20939,15378791,PARALIMNI,40000011,0
40120012,20939,15378792,STROVILIA,40120012,1
40120011,20939,15378793,KONNOS,40120011,0
40120012,20939,15378794,STROVILIA,40120012,1
40090012,20939,15378795,E.A.C. DHEKELIA,40090012,1
40010011,20939,15378796,AG. NAPA (W/PARK),40010011,0
40010011,20939,15378797,AG. NAPA (W/PARK),40010011,0
40100012,20939,15378798,DASAKI ACHNAS,40100012,1
40010011,20939,15378799,AG. NAPA (W/PARK),40010011,0
40130012,20939,15378800,STROVILIA,40130012,1
40140011,20939,15378801,AGIA NAPA,40140011,0
40040011,20939,15378802,DERYNEIA,40040011,0
40000011,20939,15378803,PARALIMNI,40000011,0
40000011,20939,15378804,PARALIMNI,40000011,0
40130011,20939,15378805,AGIA NAPA,40130011,0
40130012,20939,15378806,STROVILIA,40130012,1
40130011,20939,15378807,AGIA NAPA,40130011,0
40130012,20939,15378808,STROVILIA,40130012,1
40100011,20939,15378809,AGIA NAPA,40100011,0
40100012,20939,15378810,DASAKI ACHNAS,40100012,1
40100011,20939,15378811,AGIA NAPA,40100011,0
40100012,20939,15378812,DASAKI ACHNAS,40100012,1
40220011,20939,15378813,EAST CIRCLE LINE,40220011,0
40010011,20939,15378814,AG. NAPA (W/PARK),40010011,0
40010011,20939,15378815,AG. NAPA (W/PARK),40010011,0
40010011,20939,15378816,AG. NAPA (W/PARK),40010011,0
40010011,20939,15378817,AG. NAPA (W/PARK),40010011,0
40030011,20939,15378818,CIRCLE LINE,40030011,0
40010011,20939,15378819,AG. NAPA (W/PARK),40010011,0
40000011,20939,15378820,PARALIMNI,40000011,0
40000011,20939,15378821,PARALIMNI,40000011,0
40000011,20939,15378822,PARALIMNI,40000011,0
40000011,20939,15378823,PARALIMNI,40000011,0
40040011,20939,15378824,DERYNEIA,40040011,0
40040011,20939,15378825,DERYNEIA,40040011,0
40150011,20939,15378826,LARNAKA,40150011,0
40150012,20939,15378827,CENTRAL BUS ST.,40150012,1
40050011,20939,15378828,DERYNEIA,40050011,0
40000011,20939,15378829,PARALIMNI,40000011,0
40010011,20939,15378830,AG. NAPA (W/PARK),40010011,0
40010011,20939,15378831,AG. NAPA (W/PARK),40010011,0
40170011,20939,15378832,LARNAKA,40170011,0
40170012,20939,15378833,PARALIMNI,40170012,1
40000011,20939,15378834,PARALIMNI,40000011,0
40160011,20939,15378835,LARNAKA,40160011,0
40160012,20939,15378836,PARALIMNI SQ. BUS,40160012,1
40010011,20939,15378837,AG. NAPA (W/PARK),40010011,0
40010011,20939,15378838,AG. NAPA (W/PARK),40010011,0
40030011,20939,15378839,CIRCLE LINE,40030011,0
40000011,20939,15378840,PARALIMNI,40000011,0
40010011,20939,15378841,AG. NAPA (W/PARK),40010011,0
40000011,20939,15378842,PARALIMNI,40000011,0
40000011,20939,15378843,PARALIMNI,40000011,0
40010011,20939,15378844,AG. NAPA (W/PARK),40010011,0
40000011,20939,15378845,PARALIMNI,40000011,0
40000011,20939,15378846,PARALIMNI,40000011,0
40000011,20939,15378847,PARALIMNI,40000011,0
40000011,20939,15378848,PARALIMNI,40000011,0
40010011,20939,15378849,AG. NAPA (W/PARK),40010011,0
40030011,20939,15378850,CIRCLE LINE,40030011,0
40000011,20939,15378851,PARALIMNI,40000011,0
40000011,20939,15378852,PARALIMNI,40000011,0
40000011,20939,15378853,PARALIMNI,40000011,0
40010011,20939,15378854,AG. NAPA (W/PARK),40010011,0
40010011,20939,15378855,AG. NAPA (W/PARK),40010011,0
40010011,20939,15378856,AG. NAPA (W/PARK),40010011,0
40050011,20939,15378857,DERYNEIA,40050011,0
40050011,20939,15378858,DERYNEIA,40050011,0
40040011,20939,15378859,DERYNEIA,40040011,0
40000011,20939,15378860,PARALIMNI,40000011,0
40000011,20939,15378861,PARALIMNI,40000011,0
40030011,20939,15378862,CIRCLE LINE,40030011,0
40000011,20939,15378863,PARALIMNI,40000011,0
40000011,20939,15378864,PARALIMNI,40000011,0
40080011,20939,15378865,KONNOS,40080011,0
40080012,20939,15378866,E.A.C. DHEKELIA,40080012,1
40090011,20939,15378867,AGIA NAPA,40090011,0
40090012,20939,15378868,E.A.C. DHEKELIA,40090012,1
40010011,20939,15378869,AG. NAPA (W/PARK),40010011,0
40050011,20939,15378870,DERYNEIA,40050011,0
40010011,20939,15378871,AG. NAPA (W/PARK),40010011,0
40010011,20939,15378872,AG. NAPA (W/PARK),40010011,0
40000011,20939,15378873,PARALIMNI,40000011,0
40000011,20939,15378874,PARALIMNI,40000011,0
40010011,20939,15378875,AG. NAPA (W/PARK),40010011,0
40010011,20939,15378876,AG. NAPA (W/PARK),40010011,0
40010011,20939,15378877,AG. NAPA (W/PARK),40010011,0
40040011,20939,15378878,DERYNEIA,40040011,0
40040011,20939,15378879,DERYNEIA,40040011,0
40040011,20939,15378880,DERYNEIA,40040011,0
40010011,20939,15378881,AG. NAPA (W/PARK),40010011,0
40010011,20939,15378882,AG. NAPA (W/PARK),40010011,0
40000011,20939,15378883,PARALIMNI,40000011,0
40000011,20939,15378884,PARALIMNI,40000011,0
40120012,20939,15378885,STROVILIA,40120012,1
