route_id,service_id,trip_id,trip_headsign,shape_id,direction_id
50060042,20820,15277260,NICOSIA,50060042,1
50060041,20820,15277261,NORTH LIMASSOL,50060041,0
50060042,20820,15277262,NICOSIA,50060042,1
50060041,20820,15277263,NORTH LIMASSOL,50060041,0
50020012,20820,15277264,LARNACA,50020012,1
50020011,20820,15277265,AG.NAPA-PARALIMNI,50020011,0
50020012,20820,15277266,LARNACA,50020012,1
50020011,20820,15277267,AG.NAPA-PARALIMNI,50020011,0
50020011,20820,15277268,AG.NAPA-PARALIMNI,50020011,0
50020012,20820,15277269,LARNACA,50020012,1
50020011,20820,15277270,AG.NAPA-PARALIMNI,50020011,0
50020012,20820,15277271,LARNACA,50020012,1
50020011,20820,15277272,AG.NAPA-PARALIMNI,50020011,0
50020012,20820,15277273,LARNACA,50020012,1
50010042,20820,15277274,NICOSIA,50010042,1
50010031,20820,15277275,PARALIMNI,50010031,0
50010012,20820,15277276,NICOSIA,50010012,1
50010031,20820,15277277,PARALIMNI,50010031,0
50070011,20820,15277278,NICOSIA,50070011,0
50070012,20820,15277279,LARNACA,50070012,1
50070011,20820,15277280,NICOSIA,50070011,0
50070012,20820,15277281,LARNACA,50070012,1
50070031,20820,15277282,NICOSIA,50070031,0
50070032,20820,15277283,LARNACA,50070032,1
50010012,20820,15277284,NICOSIA,50010012,1
50010011,20820,15277285,AG.NAPA-PARALIMNI,50010011,0
50010012,20820,15277286,NICOSIA,50010012,1
50010011,20820,15277287,AG.NAPA-PARALIMNI,50010011,0
50010012,20820,15277288,NICOSIA,50010012,1
50010011,20820,15277289,AG.NAPA-PARALIMNI,50010011,0
50060012,20820,15277290,NICOSIA,50060012,1
50060011,20820,15277291,LIMASSOL,50060011,0
50060012,20820,15277292,NICOSIA,50060012,1
50060021,20820,15277293,LIMASSOL,50060021,0
50060011,20820,15277294,LIMASSOL,50060011,0
50060012,20820,15277295,NICOSIA,50060012,1
50060011,20820,15277296,LIMASSOL,50060011,0
50060022,20820,15277297,NICOSIA,50060022,1
50000011,20820,15277298,PAFOS,50000011,0
50000012,20820,15277299,NICOSIA,50000012,1
50000011,20820,15277300,PAFOS,50000011,0
50000012,20820,15277301,NICOSIA,50000012,1
50050011,20820,15277302,PAFOS,50050011,0
50050012,20820,15277303,PARALIMNI,50050012,1
50070031,20820,15277304,NICOSIA,50070031,0
50070032,20820,15277305,LARNACA,50070032,1
50070011,20820,15277306,NICOSIA,50070011,0
50070012,20820,15277307,LARNACA,50070012,1
50070011,20820,15277308,NICOSIA,50070011,0
50070012,20820,15277309,LARNACA,50070012,1
50040011,20820,15277310,LIMASSOL,50040011,0
50040012,20820,15277311,LARNACA,50040012,1
50040011,20820,15277312,LIMASSOL,50040011,0
50040012,20820,15277313,LARNACA,50040012,1
50040012,20820,15277314,LARNACA,50040012,1
50040011,20820,15277315,LIMASSOL,50040011,0
50020012,20820,15277316,LARNACA,50020012,1
50020011,20820,15277317,AG.NAPA-PARALIMNI,50020011,0
50020012,20820,15277318,LARNACA,50020012,1
50020011,20820,15277319,AG.NAPA-PARALIMNI,50020011,0
50060012,20820,15277320,NICOSIA,50060012,1
50060021,20820,15277321,LIMASSOL,50060021,0
50060011,20820,15277322,LIMASSOL,50060011,0
50060012,20820,15277323,NICOSIA,50060012,1
50060011,20820,15277324,LIMASSOL,50060011,0
50060012,20820,15277325,NICOSIA,50060012,1
50030012,20820,15277326,LIMASSOL,50030012,1
50030011,20820,15277327,PAFOS,50030011,0
50030012,20820,15277328,LIMASSOL,50030012,1
50030011,20820,15277329,PAFOS,50030011,0
50030012,20820,15277330,LIMASSOL,50030012,1
50030011,20820,15277331,PAFOS,50030011,0
50040011,20820,15277332,LIMASSOL,50040011,0
50040012,20820,15277333,LARNACA,50040012,1
50040011,20820,15277334,LIMASSOL,50040011,0
50040012,20820,15277335,LARNACA,50040012,1
50010022,20820,15277336,NICOSIA,50010022,1
50010021,20820,15277337,AG.NAPA-PARALIMNI,50010021,0
50010012,20820,15277338,NICOSIA,50010012,1
50010021,20820,15277339,AG.NAPA-PARALIMNI,50010021,0
50000042,20820,15277340,NICOSIA,50000042,1
50000011,20820,15277341,PAFOS,50000011,0
50000012,20820,15277342,NICOSIA,50000012,1
50000011,20820,15277343,PAFOS,50000011,0
50030011,20820,15277344,PAFOS,50030011,0
50030012,20820,15277345,LIMASSOL,50030012,1
50030011,20820,15277346,PAFOS,50030011,0
50030012,20820,15277347,LIMASSOL,50030012,1
50030011,20820,15277348,PAFOS,50030011,0
50030012,20820,15277349,LIMASSOL,50030012,1
50030012,20820,15277350,LIMASSOL,50030012,1
50030011,20820,15277351,PAFOS,50030011,0
50030012,20820,15277352,LIMASSOL,50030012,1
50030011,20820,15277353,PAFOS,50030011,0
50030012,20820,15277354,LIMASSOL,50030012,1
50030011,20820,15277355,PAFOS,50030011,0
50030012,20820,15277356,LIMASSOL,50030012,1
50030011,20820,15277357,PAFOS,50030011,0
50030012,20820,15277358,LIMASSOL,50030012,1
50030011,20820,15277359,PAFOS,50030011,0
50010012,20820,15277360,NICOSIA,50010012,1
50010021,20820,15277361,AG.NAPA-PARALIMNI,50010021,0
50010012,20820,15277362,NICOSIA,50010012,1
50010011,20820,15277363,AG.NAPA-PARALIMNI,50010011,0
50070012,20820,15277364,LARNACA,50070012,1
50070011,20820,15277365,NICOSIA,50070011,0
50070012,20820,15277366,LARNACA,50070012,1
50070011,20820,15277367,NICOSIA,50070011,0
50070012,20820,15277368,LARNACA,50070012,1
50070011,20820,15277369,NICOSIA,50070011,0
50000041,20820,15277370,PAPHOS,50000041,0
50000012,20820,15277371,NICOSIA,50000012,1
50070011,20820,15277372,NICOSIA,50070011,0
50070012,20820,15277373,LARNACA,50070012,1
50070011,20820,15277374,NICOSIA,50070011,0
50070012,20820,15277375,LARNACA,50070012,1
50070011,20820,15277376,NICOSIA,50070011,0
50070012,20820,15277377,LARNACA,50070012,1
50060022,20820,15277378,NICOSIA,50060022,1
50060011,20820,15277379,LIMASSOL,50060011,0
50060012,20820,15277380,NICOSIA,50060012,1
50060011,20820,15277381,LIMASSOL,50060011,0
50060011,20820,15277382,LIMASSOL,50060011,0
50060012,20820,15277383,NICOSIA,50060012,1
50060011,20820,15277384,LIMASSOL,50060011,0
50060012,20820,15277385,NICOSIA,50060012,1
50000011,20820,15277386,PAFOS,50000011,0
50000012,20820,15277387,NICOSIA,50000012,1
50000031,20820,15277388,CUT-PAFOS,50000031,0
50000042,20820,15277389,NICOSIA,50000042,1
50010011,20820,15277390,AG.NAPA-PARALIMNI,50010011,0
50010012,20820,15277391,NICOSIA,50010012,1
50010011,20820,15277392,AG.NAPA-PARALIMNI,50010011,0
50010012,20820,15277393,NICOSIA,50010012,1
50040011,20820,15277394,LIMASSOL,50040011,0
50040012,20820,15277395,LARNACA,50040012,1
50040011,20820,15277396,LIMASSOL,50040011,0
50040012,20820,15277397,LARNACA,50040012,1
50030012,20820,15277398,LIMASSOL,50030012,1
50030011,20820,15277399,PAFOS,50030011,0
50040011,20820,15277400,LIMASSOL,50040011,0
50040012,20820,15277401,LARNACA,50040012,1
50040011,20820,15277402,LIMASSOL,50040011,0
50040012,20820,15277403,LARNACA,50040012,1
50030011,20820,15277404,PAFOS,50030011,0
50030012,20820,15277405,LIMASSOL,50030012,1
50020011,20820,15277406,AG.NAPA-PARALIMNI,50020011,0
50020012,20820,15277407,LARNACA,50020012,1
50020011,20820,15277408,AG.NAPA-PARALIMNI,50020011,0
50020012,20820,15277409,LARNACA,50020012,1
50020011,20820,15277410,AG.NAPA-PARALIMNI,50020011,0
50020012,20820,15277411,LARNACA,50020012,1
50010011,20820,15277412,AG.NAPA-PARALIMNI,50010011,0
50010012,20820,15277413,NICOSIA,50010012,1
50010011,20820,15277414,AG.NAPA-PARALIMNI,50010011,0
50010012,20820,15277415,NICOSIA,50010012,1
50020012,20820,15277416,LARNACA,50020012,1
50020011,20820,15277417,AG.NAPA-PARALIMNI,50020011,0
50020012,20820,15277418,LARNACA,50020012,1
50020011,20820,15277419,AG.NAPA-PARALIMNI,50020011,0
50040012,20820,15277420,LARNACA,50040012,1
50040011,20820,15277421,LIMASSOL,50040011,0
50040012,20820,15277422,LARNACA,50040012,1
50040011,20820,15277423,LIMASSOL,50040011,0
50070011,20820,15277424,NICOSIA,50070011,0
50070012,20820,15277425,LARNACA,50070012,1
50070011,20820,15277426,NICOSIA,50070011,0
50070012,20820,15277427,LARNACA,50070012,1
50070011,20820,15277428,NICOSIA,50070011,0
50070032,20820,15277429,LARNACA,50070032,1
50010011,20820,15277430,AG.NAPA-PARALIMNI,50010011,0
50010042,20820,15277431,NICOSIA,50010042,1
50010011,20820,15277432,AG.NAPA-PARALIMNI,50010011,0
50010042,20820,15277433,NICOSIA,50010042,1
50060011,20820,15277434,LIMASSOL,50060011,0
50060042,20820,15277435,NICOSIA,50060042,1
50060041,20820,15277436,NORTH LIMASSOL,50060041,0
50060012,20820,15277437,NICOSIA,50060012,1
50070012,20820,15277438,LARNACA,50070012,1
50070011,20820,15277439,NICOSIA,50070011,0
50070012,20820,15277440,LARNACA,50070012,1
50070031,20820,15277441,NICOSIA,50070031,0
50000011,20820,15277442,PAFOS,50000011,0
50070011,20820,15277443,NICOSIA,50070011,0
50070012,20820,15277444,LARNACA,50070012,1
50070011,20820,15277445,NICOSIA,50070011,0
50070012,20820,15277446,LARNACA,50070012,1
50020012,20820,15277447,LARNACA,50020012,1
50020011,20820,15277448,AG.NAPA-PARALIMNI,50020011,0
50060012,20820,15277449,NICOSIA,50060012,1
50060011,20820,15277450,LIMASSOL,50060011,0
50060012,20820,15277451,NICOSIA,50060012,1
50060011,20820,15277452,LIMASSOL,50060011,0
50060011,20820,15277453,LIMASSOL,50060011,0
50060012,20820,15277454,NICOSIA,50060012,1
50060011,20820,15277455,LIMASSOL,50060011,0
50060012,20820,15277456,NICOSIA,50060012,1
50060021,20820,15277457,LIMASSOL,50060021,0
50060012,20820,15277458,NICOSIA,50060012,1
50020012,20820,15277459,LARNACA,50020012,1
50020011,20820,15277460,AG.NAPA-PARALIMNI,50020011,0
50020012,20820,15277461,LARNACA,50020012,1
50020011,20820,15277462,AG.NAPA-PARALIMNI,50020011,0
50060012,20820,15277463,NICOSIA,50060012,1
50060011,20820,15277464,LIMASSOL,50060011,0
50000012,20820,15277465,NICOSIA,50000012,1
50000041,20820,15277466,PAPHOS,50000041,0
50030012,20820,15277467,LIMASSOL,50030012,1
50010012,20820,15277468,NICOSIA,50010012,1
50010031,20820,15277469,PARALIMNI,50010031,0
50060022,20820,15277470,NICOSIA,50060022,1
50000051,20828,15282844,EAC-PAFOS,50000051,0
50000012,20828,15282845,NICOSIA,50000012,1
50000062,20828,15282846,L. AKRITA (NIC),50000062,1
50000071,20828,15282847,CUT-PAFOS,50000071,0
50010052,20828,15282848,NICOSIA,50010052,1
50010011,20828,15282849,AG.NAPA-PARALIMNI,50010011,0
50010012,20828,15282850,NICOSIA,50010012,1
50010031,20828,15282851,PARALIMNI,50010031,0
50060032,20828,15282852,NICOSIA,50060032,1
50060011,20828,15282853,LIMASSOL,50060011,0
50060012,20828,15282854,NICOSIA,50060012,1
50060011,20828,15282855,LIMASSOL,50060011,0
50000062,20828,15282856,L. AKRITA (NIC),50000062,1
50000011,20828,15282857,PAFOS,50000011,0
50060012,20828,15282858,NICOSIA,50060012,1
50060021,20828,15282859,LIMASSOL,50060021,0
50060012,20828,15282860,NICOSIA,50060012,1
50060021,20828,15282861,LIMASSOL,50060021,0
50040012,20828,15282862,LARNACA,50040012,1
50040011,20828,15282863,LIMASSOL,50040011,0
50040012,20828,15282864,LARNACA,50040012,1
50040011,20828,15282865,LIMASSOL,50040011,0
50060011,20828,15282866,LIMASSOL,50060011,0
50060012,20828,15282867,NICOSIA,50060012,1
50060011,20828,15282868,LIMASSOL,50060011,0
50060012,20828,15282869,NICOSIA,50060012,1
50000031,20828,15282870,CUT-PAFOS,50000031,0
50000012,20828,15282871,NICOSIA,50000012,1
50010012,20828,15282872,NICOSIA,50010012,1
50010031,20828,15282873,PARALIMNI,50010031,0
50010012,20828,15282874,NICOSIA,50010012,1
50010011,20828,15282875,AG.NAPA-PARALIMNI,50010011,0
50030012,20828,15282876,LIMASSOL,50030012,1
50030011,20828,15282877,PAFOS,50030011,0
50070041,20828,15282878,NICOSIA,50070041,0
50070012,20828,15282879,LARNACA,50070012,1
50070011,20828,15282880,NICOSIA,50070011,0
50070012,20828,15282881,LARNACA,50070012,1
50070011,20828,15282882,NICOSIA,50070011,0
50070042,20828,15282883,LARNACA,50070042,1
50040011,20828,15282884,LIMASSOL,50040011,0
50040012,20828,15282885,LARNACA,50040012,1
50070011,20828,15282886,NICOSIA,50070011,0
50070012,20828,15282887,LARNACA,50070012,1
50070011,20828,15282888,NICOSIA,50070011,0
50070012,20828,15282889,LARNACA,50070012,1
50020011,20828,15282890,AG.NAPA-PARALIMNI,50020011,0
50020012,20828,15282891,LARNACA,50020012,1
50020011,20828,15282892,AG.NAPA-PARALIMNI,50020011,0
50020012,20828,15282893,LARNACA,50020012,1
50020011,20828,15282894,AG.NAPA-PARALIMNI,50020011,0
50020012,20828,15282895,LARNACA,50020012,1
50020012,20828,15282896,LARNACA,50020012,1
50020011,20828,15282897,AG.NAPA-PARALIMNI,50020011,0
50020012,20828,15282898,LARNACA,50020012,1
50020011,20828,15282899,AG.NAPA-PARALIMNI,50020011,0
50020012,20828,15282900,LARNACA,50020012,1
50020011,20828,15282901,AG.NAPA-PARALIMNI,50020011,0
50060022,20828,15282902,NICOSIA,50060022,1
50060011,20828,15282903,LIMASSOL,50060011,0
50070021,20828,15282904,NICOSIA,50070021,0
50070012,20828,15282905,LARNACA,50070012,1
50070011,20828,15282906,NICOSIA,50070011,0
50070012,20828,15282907,LARNACA,50070012,1
50070011,20828,15282908,NICOSIA,50070011,0
50070022,20828,15282909,LARNACA (ST GEO.),50070022,1
50070032,20828,15282910,LARNACA,50070032,1
50070011,20828,15282911,NICOSIA,50070011,0
50070012,20828,15282912,LARNACA,50070012,1
50070051,20828,15282913,NICOSIA,50070051,0
50070012,20828,15282914,LARNACA,50070012,1
50070011,20828,15282915,NICOSIA,50070011,0
50030021,20828,15282916,PAPHOS,50030021,0
50030012,20828,15282917,LIMASSOL,50030012,1
50030011,20828,15282918,PAFOS,50030011,0
50030032,20828,15282919,LIMASSOL,50030032,1
50030011,20828,15282920,PAFOS,50030011,0
50030042,20828,15282921,LIMASSOL,50030042,1
50060011,20828,15282922,LIMASSOL,50060011,0
50060012,20828,15282923,NICOSIA,50060012,1
50040011,20828,15282924,LIMASSOL,50040011,0
50040012,20828,15282925,LARNACA,50040012,1
50030012,20828,15282926,LIMASSOL,50030012,1
50030011,20828,15282927,PAFOS,50030011,0
50060021,20828,15282928,LIMASSOL,50060021,0
50060022,20828,15282929,NICOSIA,50060022,1
50060011,20828,15282930,LIMASSOL,50060011,0
50060022,20828,15282931,NICOSIA,50060022,1
50060012,20828,15282932,NICOSIA,50060012,1
50060011,20828,15282933,LIMASSOL,50060011,0
50060012,20828,15282934,NICOSIA,50060012,1
50060011,20828,15282935,LIMASSOL,50060011,0
50070011,20828,15282936,NICOSIA,50070011,0
50070052,20828,15282937,LARNACA,50070052,1
50070011,20828,15282938,NICOSIA,50070011,0
50070012,20828,15282939,LARNACA,50070012,1
50000042,20828,15282940,NICOSIA,50000042,1
50000011,20828,15282941,PAFOS,50000011,0
50010042,20828,15282942,NICOSIA,50010042,1
50010011,20828,15282943,AG.NAPA-PARALIMNI,50010011,0
50010042,20828,15282944,NICOSIA,50010042,1
50010011,20828,15282945,AG.NAPA-PARALIMNI,50010011,0
50060012,20828,15282946,NICOSIA,50060012,1
50060011,20828,15282947,LIMASSOL,50060011,0
50060012,20828,15282948,NICOSIA,50060012,1
50060011,20828,15282949,LIMASSOL,50060011,0
50040011,20828,15282950,LIMASSOL,50040011,0
50040012,20828,15282951,LARNACA,50040012,1
50040011,20828,15282952,LIMASSOL,50040011,0
50040012,20828,15282953,LARNACA,50040012,1
50060041,20828,15282954,NORTH LIMASSOL,50060041,0
50060012,20828,15282955,NICOSIA,50060012,1
50040012,20828,15282956,LARNACA,50040012,1
50040011,20828,15282957,LIMASSOL,50040011,0
50030041,20828,15282958,CUT-PAFOS,50030041,0
50030012,20828,15282959,LIMASSOL,50030012,1
50030012,20828,15282960,LIMASSOL,50030012,1
50030011,20828,15282961,PAFOS,50030011,0
50030012,20828,15282962,LIMASSOL,50030012,1
50030011,20828,15282963,PAFOS,50030011,0
50050011,20828,15282964,PAFOS,50050011,0
50050012,20828,15282965,PARALIMNI,50050012,1
50070051,20828,15282966,NICOSIA,50070051,0
50070052,20828,15282967,LARNACA,50070052,1
50070051,20828,15282968,NICOSIA,50070051,0
50070052,20828,15282969,LARNACA,50070052,1
50010022,20828,15282970,NICOSIA,50010022,1
50010021,20828,15282971,AG.NAPA-PARALIMNI,50010021,0
50010012,20828,15282972,NICOSIA,50010012,1
50010021,20828,15282973,AG.NAPA-PARALIMNI,50010021,0
50020012,20828,15282974,LARNACA,50020012,1
50020011,20828,15282975,AG.NAPA-PARALIMNI,50020011,0
50020012,20828,15282976,LARNACA,50020012,1
50020011,20828,15282977,AG.NAPA-PARALIMNI,50020011,0
50020012,20828,15282978,LARNACA,50020012,1
50020011,20828,15282979,AG.NAPA-PARALIMNI,50020011,0
50020011,20828,15282980,AG.NAPA-PARALIMNI,50020011,0
50020012,20828,15282981,LARNACA,50020012,1
50020011,20828,15282982,AG.NAPA-PARALIMNI,50020011,0
50020012,20828,15282983,LARNACA,50020012,1
50020011,20828,15282984,AG.NAPA-PARALIMNI,50020011,0
50020012,20828,15282985,LARNACA,50020012,1
50070031,20828,15282986,NICOSIA,50070031,0
50070012,20828,15282987,LARNACA,50070012,1
50070031,20828,15282988,NICOSIA,50070031,0
50070012,20828,15282989,LARNACA,50070012,1
50070011,20828,15282990,NICOSIA,50070011,0
50070012,20828,15282991,LARNACA,50070012,1
50060012,20828,15282992,NICOSIA,50060012,1
50060011,20828,15282993,LIMASSOL,50060011,0
50030012,20828,15282994,LIMASSOL,50030012,1
50000011,20828,15282995,PAFOS,50000011,0
50000042,20828,15282996,NICOSIA,50000042,1
50010012,20828,15282997,NICOSIA,50010012,1
50010011,20828,15282998,AG.NAPA-PARALIMNI,50010011,0
50010012,20828,15282999,NICOSIA,50010012,1
50010011,20828,15283000,AG.NAPA-PARALIMNI,50010011,0
50040011,20828,15283001,LIMASSOL,50040011,0
50040012,20828,15283002,LARNACA,50040012,1
50040011,20828,15283003,LIMASSOL,50040011,0
50040012,20828,15283004,LARNACA,50040012,1
50030012,20828,15283005,LIMASSOL,50030012,1
50030011,20828,15283006,PAFOS,50030011,0
50060011,20828,15283007,LIMASSOL,50060011,0
50060012,20828,15283008,NICOSIA,50060012,1
50030041,20828,15283009,CUT-PAFOS,50030041,0
50000012,20828,15283010,NICOSIA,50000012,1
50000021,20828,15283011,PAFOS,50000021,0
50070011,20828,15283012,NICOSIA,50070011,0
50070012,20828,15283013,LARNACA,50070012,1
50070011,20828,15283014,NICOSIA,50070011,0
50070012,20828,15283015,LARNACA,50070012,1
50070011,20828,15283016,NICOSIA,50070011,0
50070032,20828,15283017,LARNACA,50070032,1
50000041,20828,15283018,PAPHOS,50000041,0
50000042,20828,15283019,NICOSIA,50000042,1
50030012,20828,15283020,LIMASSOL,50030012,1
50030011,20828,15283021,PAFOS,50030011,0
50010012,20828,15283022,NICOSIA,50010012,1
50010011,20828,15283023,AG.NAPA-PARALIMNI,50010011,0
50010042,20828,15283024,NICOSIA,50010042,1
50010031,20828,15283025,PARALIMNI,50010031,0
50060042,20828,15283026,NICOSIA,50060042,1
50060041,20828,15283027,NORTH LIMASSOL,50060041,0
50070032,20828,15283028,LARNACA,50070032,1
50070011,20828,15283029,NICOSIA,50070011,0
50000011,20828,15283030,PAFOS,50000011,0
50000072,20828,15283031,NICOSIA,50000072,1
50070052,20828,15283032,LARNACA,50070052,1
50070051,20828,15283033,NICOSIA,50070051,0
50030012,20828,15283034,LIMASSOL,50030012,1
50030011,20828,15283035,PAFOS,50030011,0
50020011,20828,15283036,AG.NAPA-PARALIMNI,50020011,0
50020012,20828,15283037,LARNACA,50020012,1
50020011,20828,15283038,AG.NAPA-PARALIMNI,50020011,0
50020012,20828,15283039,LARNACA,50020012,1
50020011,20828,15283040,AG.NAPA-PARALIMNI,50020011,0
50020012,20828,15283041,LARNACA,50020012,1
50030042,20828,15283042,LIMASSOL,50030042,1
50030011,20828,15283043,PAFOS,50030011,0
50030032,20828,15283044,LIMASSOL,50030032,1
50030011,20828,15283045,PAFOS,50030011,0
50020012,20828,15283046,LARNACA,50020012,1
50020011,20828,15283047,AG.NAPA-PARALIMNI,50020011,0
50020012,20828,15283048,LARNACA,50020012,1
50020011,20828,15283049,AG.NAPA-PARALIMNI,50020011,0
50010012,20828,15283050,NICOSIA,50010012,1
50010011,20828,15283051,AG.NAPA-PARALIMNI,50010011,0
50010042,20828,15283052,NICOSIA,50010042,1
50010031,20828,15283053,PARALIMNI,50010031,0
50070012,20828,15283054,LARNACA,50070012,1
50070011,20828,15283055,NICOSIA,50070011,0
50060012,20828,15283056,NICOSIA,50060012,1
50060011,20828,15283057,LIMASSOL,50060011,0
50060012,20828,15283058,NICOSIA,50060012,1
50060021,20828,15283059,LIMASSOL,50060021,0
50060031,20828,15283060,NORTH LIMASSOL,50060031,0
50060042,20828,15283061,NICOSIA,50060042,1
50060011,20828,15283062,LIMASSOL,50060011,0
50060012,20828,15283063,NICOSIA,50060012,1
50030032,20828,15283064,LIMASSOL,50030032,1
50030011,20828,15283065,PAFOS,50030011,0
50040012,20828,15283066,LARNACA,50040012,1
50040011,20828,15283067,LIMASSOL,50040011,0
50040012,20828,15283068,LARNACA,50040012,1
50040011,20828,15283069,LIMASSOL,50040011,0
50060011,20828,15283070,LIMASSOL,50060011,0
50060012,20828,15283071,NICOSIA,50060012,1
50040011,20828,15283072,LIMASSOL,50040011,0
50040012,20828,15283073,LARNACA,50040012,1
50040011,20828,15283074,LIMASSOL,50040011,0
50040012,20828,15283075,LARNACA,50040012,1
50000061,20828,15283076,PAFOS,50000061,0
50000012,20828,15283077,NICOSIA,50000012,1
50060021,20828,15283078,LIMASSOL,50060021,0
50060012,20828,15283079,NICOSIA,50060012,1
50000012,20828,15283080,NICOSIA,50000012,1
50000011,20828,15283081,PAFOS,50000011,0
50070011,20828,15283082,NICOSIA,50070011,0
50070012,20828,15283083,LARNACA,50070012,1
50040011,20828,15283084,LIMASSOL,50040011,0
50040012,20828,15283085,LARNACA,50040012,1
50030012,20828,15283086,LIMASSOL,50030012,1
50030011,20828,15283087,PAFOS,50030011,0
50000011,20828,15283088,PAFOS,50000011,0
50000012,20828,15283089,NICOSIA,50000012,1
50070012,20828,15283090,LARNACA,50070012,1
50070011,20828,15283091,NICOSIA,50070011,0
50060011,20828,15283092,LIMASSOL,50060011,0
50060022,20828,15283093,NICOSIA,50060022,1
50070051,20828,15283094,NICOSIA,50070051,0
50070052,20828,15283095,LARNACA,50070052,1
50070051,20828,15283096,NICOSIA,50070051,0
50070052,20828,15283097,LARNACA,50070052,1
50040011,20828,15283098,LIMASSOL,50040011,0
50040012,20828,15283099,LARNACA,50040012,1
50000072,20828,15283100,NICOSIA,50000072,1
50000041,20828,15283101,PAPHOS,50000041,0
50030042,20828,15283102,LIMASSOL,50030042,1
50030011,20828,15283103,PAFOS,50030011,0
50000011,20828,15283104,PAFOS,50000011,0
50000042,20828,15283105,NICOSIA,50000042,1
50040012,20828,15283106,LARNACA,50040012,1
50040011,20828,15283107,LIMASSOL,50040011,0
50070011,20828,15283108,NICOSIA,50070011,0
50070012,20828,15283109,LARNACA,50070012,1
50070011,20828,15283110,NICOSIA,50070011,0
50070012,20828,15283111,LARNACA,50070012,1
50030011,20828,15283112,PAFOS,50030011,0
50030012,20828,15283113,LIMASSOL,50030012,1
50040012,20828,15283114,LARNACA,50040012,1
50040011,20828,15283115,LIMASSOL,50040011,0
50010012,20828,15283116,NICOSIA,50010012,1
50010011,20828,15283117,AG.NAPA-PARALIMNI,50010011,0
50060011,20828,15283118,LIMASSOL,50060011,0
50060012,20828,15283119,NICOSIA,50060012,1
50060041,20828,15283120,NORTH LIMASSOL,50060041,0
50060022,20828,15283121,NICOSIA,50060022,1
50070012,20828,15283122,LARNACA,50070012,1
50070031,20828,15283123,NICOSIA,50070031,0
50020012,20828,15283124,LARNACA,50020012,1
50020011,20828,15283125,AG.NAPA-PARALIMNI,50020011,0
50000051,20940,15378886,EAC-PAFOS,50000051,0
50000012,20940,15378887,NICOSIA,50000012,1
50000062,20940,15378888,L. AKRITA (NIC),50000062,1
50000071,20940,15378889,CUT-PAFOS,50000071,0
50010052,20940,15378890,NICOSIA,50010052,1
50010011,20940,15378891,AG.NAPA-PARALIMNI,50010011,0
50010012,20940,15378892,NICOSIA,50010012,1
50010031,20940,15378893,PARALIMNI,50010031,0
50060032,20940,15378894,NICOSIA,50060032,1
50060011,20940,15378895,LIMASSOL,50060011,0
50060042,20940,15378896,NICOSIA,50060042,1
50060041,20940,15378897,NORTH LIMASSOL,50060041,0
50060012,20940,15378898,NICOSIA,50060012,1
50060021,20940,15378899,LIMASSOL,50060021,0
50060012,20940,15378900,NICOSIA,50060012,1
50060021,20940,15378901,LIMASSOL,50060021,0
50000062,20940,15378902,L. AKRITA (NIC),50000062,1
50000011,20940,15378903,PAFOS,50000011,0
50060011,20940,15378904,LIMASSOL,50060011,0
50060012,20940,15378905,NICOSIA,50060012,1
50060011,20940,15378906,LIMASSOL,50060011,0
50060012,20940,15378907,NICOSIA,50060012,1
50040012,20940,15378908,LARNACA,50040012,1
50040011,20940,15378909,LIMASSOL,50040011,0
50040012,20940,15378910,LARNACA,50040012,1
50040011,20940,15378911,LIMASSOL,50040011,0
50000031,20940,15378912,CUT-PAFOS,50000031,0
50000012,20940,15378913,NICOSIA,50000012,1
50010012,20940,15378914,NICOSIA,50010012,1
50010011,20940,15378915,AG.NAPA-PARALIMNI,50010011,0
50030012,20940,15378916,LIMASSOL,50030012,1
50030011,20940,15378917,PAFOS,50030011,0
50070041,20940,15378918,NICOSIA,50070041,0
50070012,20940,15378919,LARNACA,50070012,1
50070011,20940,15378920,NICOSIA,50070011,0
50070012,20940,15378921,LARNACA,50070012,1
50070011,20940,15378922,NICOSIA,50070011,0
50070042,20940,15378923,LARNACA,50070042,1
50040011,20940,15378924,LIMASSOL,50040011,0
50040012,20940,15378925,LARNACA,50040012,1
50020012,20940,15378926,LARNACA,50020012,1
50020011,20940,15378927,AG.NAPA-PARALIMNI,50020011,0
50020012,20940,15378928,LARNACA,50020012,1
50020011,20940,15378929,AG.NAPA-PARALIMNI,50020011,0
50020012,20940,15378930,LARNACA,50020012,1
50020011,20940,15378931,AG.NAPA-PARALIMNI,50020011,0
50070011,20940,15378932,NICOSIA,50070011,0
50070012,20940,15378933,LARNACA,50070012,1
50070011,20940,15378934,NICOSIA,50070011,0
50070012,20940,15378935,LARNACA,50070012,1
50020011,20940,15378936,AG.NAPA-PARALIMNI,50020011,0
50020012,20940,15378937,LARNACA,50020012,1
50020011,20940,15378938,AG.NAPA-PARALIMNI,50020011,0
50020012,20940,15378939,LARNACA,50020012,1
50020011,20940,15378940,AG.NAPA-PARALIMNI,50020011,0
50020012,20940,15378941,LARNACA,50020012,1
50060022,20940,15378942,NICOSIA,50060022,1
50060011,20940,15378943,LIMASSOL,50060011,0
50070021,20940,15378944,NICOSIA,50070021,0
50070012,20940,15378945,LARNACA,50070012,1
50070011,20940,15378946,NICOSIA,50070011,0
50070012,20940,15378947,LARNACA,50070012,1
50070011,20940,15378948,NICOSIA,50070011,0
50070022,20940,15378949,LARNACA (ST GEO.),50070022,1
50070032,20940,15378950,LARNACA,50070032,1
50070011,20940,15378951,NICOSIA,50070011,0
50070012,20940,15378952,LARNACA,50070012,1
50070051,20940,15378953,NICOSIA,50070051,0
50070012,20940,15378954,LARNACA,50070012,1
50070031,20940,15378955,NICOSIA,50070031,0
50030021,20940,15378956,PAPHOS,50030021,0
50030012,20940,15378957,LIMASSOL,50030012,1
50030011,20940,15378958,PAFOS,50030011,0
50030032,20940,15378959,LIMASSOL,50030032,1
50060011,20940,15378960,LIMASSOL,50060011,0
50060012,20940,15378961,NICOSIA,50060012,1
50040011,20940,15378962,LIMASSOL,50040011,0
50040012,20940,15378963,LARNACA,50040012,1
50030012,20940,15378964,LIMASSOL,50030012,1
50030011,20940,15378965,PAFOS,50030011,0
50060021,20940,15378966,LIMASSOL,50060021,0
50060022,20940,15378967,NICOSIA,50060022,1
50060011,20940,15378968,LIMASSOL,50060011,0
50060022,20940,15378969,NICOSIA,50060022,1
50060012,20940,15378970,NICOSIA,50060012,1
50060011,20940,15378971,LIMASSOL,50060011,0
50060012,20940,15378972,NICOSIA,50060012,1
50060011,20940,15378973,LIMASSOL,50060011,0
50070011,20940,15378974,NICOSIA,50070011,0
50070052,20940,15378975,LARNACA,50070052,1
50070011,20940,15378976,NICOSIA,50070011,0
50070012,20940,15378977,LARNACA,50070012,1
50000042,20940,15378978,NICOSIA,50000042,1
50000011,20940,15378979,PAFOS,50000011,0
50010042,20940,15378980,NICOSIA,50010042,1
50010011,20940,15378981,AG.NAPA-PARALIMNI,50010011,0
50010042,20940,15378982,NICOSIA,50010042,1
50010011,20940,15378983,AG.NAPA-PARALIMNI,50010011,0
50060012,20940,15378984,NICOSIA,50060012,1
50060011,20940,15378985,LIMASSOL,50060011,0
50060012,20940,15378986,NICOSIA,50060012,1
50060011,20940,15378987,LIMASSOL,50060011,0
50060041,20940,15378988,NORTH LIMASSOL,50060041,0
50060012,20940,15378989,NICOSIA,50060012,1
50040011,20940,15378990,LIMASSOL,50040011,0
50040012,20940,15378991,LARNACA,50040012,1
50040011,20940,15378992,LIMASSOL,50040011,0
50040012,20940,15378993,LARNACA,50040012,1
50040012,20940,15378994,LARNACA,50040012,1
50040011,20940,15378995,LIMASSOL,50040011,0
50030041,20940,15378996,CUT-PAFOS,50030041,0
50030012,20940,15378997,LIMASSOL,50030012,1
50050011,20940,15378998,PAFOS,50050011,0
50050012,20940,15378999,PARALIMNI,50050012,1
50070051,20940,15379000,NICOSIA,50070051,0
50070052,20940,15379001,LARNACA,50070052,1
50030012,20940,15379002,LIMASSOL,50030012,1
50030011,20940,15379003,PAFOS,50030011,0
50030012,20940,15379004,LIMASSOL,50030012,1
50030011,20940,15379005,PAFOS,50030011,0
50010022,20940,15379006,NICOSIA,50010022,1
50010021,20940,15379007,AG.NAPA-PARALIMNI,50010021,0
50010012,20940,15379008,NICOSIA,50010012,1
50010021,20940,15379009,AG.NAPA-PARALIMNI,50010021,0
50020012,20940,15379010,LARNACA,50020012,1
50020011,20940,15379011,AG.NAPA-PARALIMNI,50020011,0
50020012,20940,15379012,LARNACA,50020012,1
50020011,20940,15379013,AG.NAPA-PARALIMNI,50020011,0
50020012,20940,15379014,LARNACA,50020012,1
50020011,20940,15379015,AG.NAPA-PARALIMNI,50020011,0
50020011,20940,15379016,AG.NAPA-PARALIMNI,50020011,0
50020012,20940,15379017,LARNACA,50020012,1
50020011,20940,15379018,AG.NAPA-PARALIMNI,50020011,0
50020012,20940,15379019,LARNACA,50020012,1
50020011,20940,15379020,AG.NAPA-PARALIMNI,50020011,0
50020012,20940,15379021,LARNACA,50020012,1
50070031,20940,15379022,NICOSIA,50070031,0
50070012,20940,15379023,LARNACA,50070012,1
50070031,20940,15379024,NICOSIA,50070031,0
50070012,20940,15379025,LARNACA,50070012,1
50070011,20940,15379026,NICOSIA,50070011,0
50070012,20940,15379027,LARNACA,50070012,1
50060012,20940,15379028,NICOSIA,50060012,1
50060011,20940,15379029,LIMASSOL,50060011,0
50010031,20940,15379030,PARALIMNI,50010031,0
50010012,20940,15379031,NICOSIA,50010012,1
50030012,20940,15379032,LIMASSOL,50030012,1
50000011,20940,15379033,PAFOS,50000011,0
50000042,20940,15379034,NICOSIA,50000042,1
50010012,20940,15379035,NICOSIA,50010012,1
50010011,20940,15379036,AG.NAPA-PARALIMNI,50010011,0
50010012,20940,15379037,NICOSIA,50010012,1
50010011,20940,15379038,AG.NAPA-PARALIMNI,50010011,0
50040011,20940,15379039,LIMASSOL,50040011,0
50040012,20940,15379040,LARNACA,50040012,1
50040011,20940,15379041,LIMASSOL,50040011,0
50040012,20940,15379042,LARNACA,50040012,1
50030012,20940,15379043,LIMASSOL,50030012,1
50030011,20940,15379044,PAFOS,50030011,0
50030041,20940,15379045,CUT-PAFOS,50030041,0
50060011,20940,15379046,LIMASSOL,50060011,0
50060012,20940,15379047,NICOSIA,50060012,1
50000012,20940,15379048,NICOSIA,50000012,1
50000021,20940,15379049,PAFOS,50000021,0
50070011,20940,15379050,NICOSIA,50070011,0
50070012,20940,15379051,LARNACA,50070012,1
50070011,20940,15379052,NICOSIA,50070011,0
50070012,20940,15379053,LARNACA,50070012,1
50070011,20940,15379054,NICOSIA,50070011,0
50070032,20940,15379055,LARNACA,50070032,1
50000041,20940,15379056,PAPHOS,50000041,0
50000042,20940,15379057,NICOSIA,50000042,1
50030012,20940,15379058,LIMASSOL,50030012,1
50030011,20940,15379059,PAFOS,50030011,0
50010012,20940,15379060,NICOSIA,50010012,1
50010011,20940,15379061,AG.NAPA-PARALIMNI,50010011,0
50010042,20940,15379062,NICOSIA,50010042,1
50010031,20940,15379063,PARALIMNI,50010031,0
50060012,20940,15379064,NICOSIA,50060012,1
50060011,20940,15379065,LIMASSOL,50060011,0
50070032,20940,15379066,LARNACA,50070032,1
50070011,20940,15379067,NICOSIA,50070011,0
50000011,20940,15379068,PAFOS,50000011,0
50000072,20940,15379069,NICOSIA,50000072,1
50070052,20940,15379070,LARNACA,50070052,1
50070051,20940,15379071,NICOSIA,50070051,0
50070012,20940,15379072,LARNACA,50070012,1
50070011,20940,15379073,NICOSIA,50070011,0
50030012,20940,15379074,LIMASSOL,50030012,1
50030011,20940,15379075,PAFOS,50030011,0
50070051,20940,15379076,NICOSIA,50070051,0
50070052,20940,15379077,LARNACA,50070052,1
50070051,20940,15379078,NICOSIA,50070051,0
50070052,20940,15379079,LARNACA,50070052,1
50070051,20940,15379080,NICOSIA,50070051,0
50070052,20940,15379081,LARNACA,50070052,1
50030042,20940,15379082,LIMASSOL,50030042,1
50030011,20940,15379083,PAFOS,50030011,0
50030032,20940,15379084,LIMASSOL,50030032,1
50030011,20940,15379085,PAFOS,50030011,0
50020011,20940,15379086,AG.NAPA-PARALIMNI,50020011,0
50020012,20940,15379087,LARNACA,50020012,1
50020011,20940,15379088,AG.NAPA-PARALIMNI,50020011,0
50020012,20940,15379089,LARNACA,50020012,1
50020011,20940,15379090,AG.NAPA-PARALIMNI,50020011,0
50020012,20940,15379091,LARNACA,50020012,1
50020012,20940,15379092,LARNACA,50020012,1
50020011,20940,15379093,AG.NAPA-PARALIMNI,50020011,0
50020012,20940,15379094,LARNACA,50020012,1
50020011,20940,15379095,AG.NAPA-PARALIMNI,50020011,0
50010012,20940,15379096,NICOSIA,50010012,1
50010011,20940,15379097,AG.NAPA-PARALIMNI,50010011,0
50010042,20940,15379098,NICOSIA,50010042,1
50010031,20940,15379099,PARALIMNI,50010031,0
50070012,20940,15379100,LARNACA,50070012,1
50070011,20940,15379101,NICOSIA,50070011,0
50060012,20940,15379102,NICOSIA,50060012,1
50060011,20940,15379103,LIMASSOL,50060011,0
50060012,20940,15379104,NICOSIA,50060012,1
50060021,20940,15379105,LIMASSOL,50060021,0
50060031,20940,15379106,NORTH LIMASSOL,50060031,0
50060042,20940,15379107,NICOSIA,50060042,1
50060011,20940,15379108,LIMASSOL,50060011,0
50060012,20940,15379109,NICOSIA,50060012,1
50030032,20940,15379110,LIMASSOL,50030032,1
50030011,20940,15379111,PAFOS,50030011,0
50040011,20940,15379112,LIMASSOL,50040011,0
50040012,20940,15379113,LARNACA,50040012,1
50040011,20940,15379114,LIMASSOL,50040011,0
50040012,20940,15379115,LARNACA,50040012,1
50040012,20940,15379116,LARNACA,50040012,1
50040011,20940,15379117,LIMASSOL,50040011,0
50040012,20940,15379118,LARNACA,50040012,1
50040011,20940,15379119,LIMASSOL,50040011,0
50060011,20940,15379120,LIMASSOL,50060011,0
50060012,20940,15379121,NICOSIA,50060012,1
50000061,20940,15379122,PAFOS,50000061,0
50000012,20940,15379123,NICOSIA,50000012,1
50060021,20940,15379124,LIMASSOL,50060021,0
50060012,20940,15379125,NICOSIA,50060012,1
50000012,20940,15379126,NICOSIA,50000012,1
50000011,20940,15379127,PAFOS,50000011,0
50070011,20940,15379128,NICOSIA,50070011,0
50070012,20940,15379129,LARNACA,50070012,1
50040011,20940,15379130,LIMASSOL,50040011,0
50040012,20940,15379131,LARNACA,50040012,1
50060011,20940,15379132,LIMASSOL,50060011,0
50060022,20940,15379133,NICOSIA,50060022,1
50070012,20940,15379134,LARNACA,50070012,1
50070011,20940,15379135,NICOSIA,50070011,0
50000011,20940,15379136,PAFOS,50000011,0
50000012,20940,15379137,NICOSIA,50000012,1
50030012,20940,15379138,LIMASSOL,50030012,1
50030011,20940,15379139,PAFOS,50030011,0
50030042,20940,15379140,LIMASSOL,50030042,1
50040011,20940,15379141,LIMASSOL,50040011,0
50040012,20940,15379142,LARNACA,50040012,1
50000072,20940,15379143,NICOSIA,50000072,1
50000041,20940,15379144,PAPHOS,50000041,0
50030011,20940,15379145,PAFOS,50030011,0
50030042,20940,15379146,LIMASSOL,50030042,1
50000011,20940,15379147,PAFOS,50000011,0
50000042,20940,15379148,NICOSIA,50000042,1
50040012,20940,15379149,LARNACA,50040012,1
50040011,20940,15379150,LIMASSOL,50040011,0
50070011,20940,15379151,NICOSIA,50070011,0
50070012,20940,15379152,LARNACA,50070012,1
50070011,20940,15379153,NICOSIA,50070011,0
50070012,20940,15379154,LARNACA,50070012,1
50040012,20940,15379155,LARNACA,50040012,1
50040011,20940,15379156,LIMASSOL,50040011,0
50030011,20940,15379157,PAFOS,50030011,0
50030012,20940,15379158,LIMASSOL,50030012,1
50010012,20940,15379159,NICOSIA,50010012,1
50010011,20940,15379160,AG.NAPA-PARALIMNI,50010011,0
50060011,20940,15379161,LIMASSOL,50060011,0
50060012,20940,15379162,NICOSIA,50060012,1
50030011,20940,15379163,PAFOS,50030011,0
50060041,20940,15379164,NORTH LIMASSOL,50060041,0
50060022,20940,15379165,NICOSIA,50060022,1
50020012,20940,15379166,LARNACA,50020012,1
50020011,20940,15379167,AG.NAPA-PARALIMNI,50020011,0
